alpha, beta, latent_features, steps, error_limit, fit_error_limit, learning_rate, NDCG
10000.0, 10000.0, 5, 100, 1e-06, 1e-05, 1e-06, 0.3739093372283139
10000.0, 10000.0, 5, 100, 1e-06, 1e-05, 1e-07, 0.21165495999784256
10000.0, 10000.0, 5, 100, 1e-06, 1e-05, 1e-08, 0.2027601700941996
10000.0, 10000.0, 5, 100, 1e-06, 1e-05, 1e-10, 0.03754501987504992
10000.0, 10000.0, 5, 200, 1e-06, 1e-05, 1e-06, 0.3743477840782585
10000.0, 10000.0, 5, 200, 1e-06, 1e-05, 1e-07, 0.3389195192943966
10000.0, 10000.0, 5, 200, 1e-06, 1e-05, 1e-08, 0.21080431674710634
10000.0, 10000.0, 5, 200, 1e-06, 1e-05, 1e-10, 0.036580978543828725
10000.0, 10000.0, 5, 300, 1e-06, 1e-05, 1e-06, 0.3798979301969021
10000.0, 10000.0, 5, 300, 1e-06, 1e-05, 1e-07, 0.3687192562940773
10000.0, 10000.0, 5, 300, 1e-06, 1e-05, 1e-08, 0.2110249527571912
10000.0, 10000.0, 5, 300, 1e-06, 1e-05, 1e-10, 0.040339587666037915
10000.0, 10000.0, 5, 400, 1e-06, 1e-05, 1e-06, 0.36762844213286305
10000.0, 10000.0, 5, 400, 1e-06, 1e-05, 1e-07, 0.37017356597856826
10000.0, 10000.0, 5, 400, 1e-06, 1e-05, 1e-08, 0.2092540318200544
10000.0, 10000.0, 5, 400, 1e-06, 1e-05, 1e-10, 0.03443902436334714
10000.0, 10000.0, 5, 500, 1e-06, 1e-05, 1e-06, 0.36747471755422256
10000.0, 10000.0, 5, 500, 1e-06, 1e-05, 1e-07, 0.3586257259446358
10000.0, 10000.0, 5, 500, 1e-06, 1e-05, 1e-08, 0.20613316105068064
10000.0, 10000.0, 5, 500, 1e-06, 1e-05, 1e-10, 0.038835550280416756
10000.0, 10000.0, 5, 600, 1e-06, 1e-05, 1e-06, 0.3731756372399012
10000.0, 10000.0, 5, 600, 1e-06, 1e-05, 1e-07, 0.3731757780629392
10000.0, 10000.0, 5, 600, 1e-06, 1e-05, 1e-08, 0.2156936416157765
10000.0, 10000.0, 5, 600, 1e-06, 1e-05, 1e-10, 0.04170249749018138
10000.0, 10000.0, 5, 700, 1e-06, 1e-05, 1e-06, 0.3707364944932816
10000.0, 10000.0, 5, 700, 1e-06, 1e-05, 1e-07, 0.3667645282143108
10000.0, 10000.0, 5, 700, 1e-06, 1e-05, 1e-08, 0.2085658408634094
10000.0, 10000.0, 5, 700, 1e-06, 1e-05, 1e-10, 0.035850716998151226
10000.0, 10000.0, 5, 800, 1e-06, 1e-05, 1e-06, 0.3743268189319775
10000.0, 10000.0, 5, 800, 1e-06, 1e-05, 1e-07, 0.3740553340054253
10000.0, 10000.0, 5, 800, 1e-06, 1e-05, 1e-08, 0.2136519474863038
10000.0, 10000.0, 5, 800, 1e-06, 1e-05, 1e-10, 0.048197393908533566
10000.0, 10000.0, 5, 900, 1e-06, 1e-05, 1e-06, 0.3794126672489589
10000.0, 10000.0, 5, 900, 1e-06, 1e-05, 1e-07, 0.37348745471104255
10000.0, 10000.0, 5, 900, 1e-06, 1e-05, 1e-08, 0.2017722083052054
10000.0, 10000.0, 5, 900, 1e-06, 1e-05, 1e-10, 0.0371292020765607
10000.0, 10000.0, 5, 1000, 1e-06, 1e-05, 1e-06, 0.36741610914221656
10000.0, 10000.0, 5, 1000, 1e-06, 1e-05, 1e-07, 0.3725082658535548
10000.0, 10000.0, 5, 1000, 1e-06, 1e-05, 1e-08, 0.21142217851359
10000.0, 10000.0, 5, 1000, 1e-06, 1e-05, 1e-10, 0.044248069479780196
10000.0, 10000.0, 10, 100, 1e-06, 1e-05, 1e-06, 0.41958835280193724
10000.0, 10000.0, 10, 100, 1e-06, 1e-05, 1e-07, 0.21317287635521437
10000.0, 10000.0, 10, 100, 1e-06, 1e-05, 1e-08, 0.21132498176006895
10000.0, 10000.0, 10, 100, 1e-06, 1e-05, 1e-10, 0.02766044259084626
10000.0, 10000.0, 10, 200, 1e-06, 1e-05, 1e-06, 0.410408971799167
10000.0, 10000.0, 10, 200, 1e-06, 1e-05, 1e-07, 0.3404576829470026
10000.0, 10000.0, 10, 200, 1e-06, 1e-05, 1e-08, 0.2022936772717493
10000.0, 10000.0, 10, 200, 1e-06, 1e-05, 1e-10, 0.036998216885653815
10000.0, 10000.0, 10, 300, 1e-06, 1e-05, 1e-06, 0.408202563233029
10000.0, 10000.0, 10, 300, 1e-06, 1e-05, 1e-07, 0.3951852291885951
10000.0, 10000.0, 10, 300, 1e-06, 1e-05, 1e-08, 0.20751379708849674
10000.0, 10000.0, 10, 300, 1e-06, 1e-05, 1e-10, 0.049190392526242854
10000.0, 10000.0, 10, 400, 1e-06, 1e-05, 1e-06, 0.41744845514330076
10000.0, 10000.0, 10, 400, 1e-06, 1e-05, 1e-07, 0.40381450837325367
10000.0, 10000.0, 10, 400, 1e-06, 1e-05, 1e-08, 0.21018209556834003
10000.0, 10000.0, 10, 400, 1e-06, 1e-05, 1e-10, 0.050609747904594424
10000.0, 10000.0, 10, 500, 1e-06, 1e-05, 1e-06, 0.41012565270472573
10000.0, 10000.0, 10, 500, 1e-06, 1e-05, 1e-07, 0.40978001245582596
10000.0, 10000.0, 10, 500, 1e-06, 1e-05, 1e-08, 0.20651826889073033
10000.0, 10000.0, 10, 500, 1e-06, 1e-05, 1e-10, 0.04615325213467425
10000.0, 10000.0, 10, 600, 1e-06, 1e-05, 1e-06, 0.41055250974264473
10000.0, 10000.0, 10, 600, 1e-06, 1e-05, 1e-07, 0.41119131315935775
10000.0, 10000.0, 10, 600, 1e-06, 1e-05, 1e-08, 0.21131386723987652
10000.0, 10000.0, 10, 600, 1e-06, 1e-05, 1e-10, 0.07361155887182502
10000.0, 10000.0, 10, 700, 1e-06, 1e-05, 1e-06, 0.4191243565246292
10000.0, 10000.0, 10, 700, 1e-06, 1e-05, 1e-07, 0.4148900169472243
10000.0, 10000.0, 10, 700, 1e-06, 1e-05, 1e-08, 0.21629542907999777
10000.0, 10000.0, 10, 700, 1e-06, 1e-05, 1e-10, 0.0646489260794783
10000.0, 10000.0, 10, 800, 1e-06, 1e-05, 1e-06, 0.4217270404325675
10000.0, 10000.0, 10, 800, 1e-06, 1e-05, 1e-07, 0.40952968939481166
10000.0, 10000.0, 10, 800, 1e-06, 1e-05, 1e-08, 0.21681351431136972
10000.0, 10000.0, 10, 800, 1e-06, 1e-05, 1e-10, 0.07867336189120624
10000.0, 10000.0, 10, 900, 1e-06, 1e-05, 1e-06, 0.4182358534659922
10000.0, 10000.0, 10, 900, 1e-06, 1e-05, 1e-07, 0.4110388409387843
10000.0, 10000.0, 10, 900, 1e-06, 1e-05, 1e-08, 0.21645254481604656
10000.0, 10000.0, 10, 900, 1e-06, 1e-05, 1e-10, 0.07838648081127415
10000.0, 10000.0, 10, 1000, 1e-06, 1e-05, 1e-06, 0.401570095838752
10000.0, 10000.0, 10, 1000, 1e-06, 1e-05, 1e-07, 0.41508977137818276
10000.0, 10000.0, 10, 1000, 1e-06, 1e-05, 1e-08, 0.21622043158307383
10000.0, 10000.0, 10, 1000, 1e-06, 1e-05, 1e-10, 0.08507615961767682
10000.0, 10000.0, 20, 100, 1e-06, 1e-05, 1e-06, 0.4306424968216194
10000.0, 10000.0, 20, 100, 1e-06, 1e-05, 1e-07, 0.21079837107428584
10000.0, 10000.0, 20, 100, 1e-06, 1e-05, 1e-08, 0.208653351847455
10000.0, 10000.0, 20, 100, 1e-06, 1e-05, 1e-10, 0.026243442366835984
10000.0, 10000.0, 20, 200, 1e-06, 1e-05, 1e-06, 0.4361838865106236
10000.0, 10000.0, 20, 200, 1e-06, 1e-05, 1e-07, 0.3539303454260743
10000.0, 10000.0, 20, 200, 1e-06, 1e-05, 1e-08, 0.20155331142289604
10000.0, 10000.0, 20, 200, 1e-06, 1e-05, 1e-10, 0.03396356310451589
10000.0, 10000.0, 20, 300, 1e-06, 1e-05, 1e-06, 0.4347323730529145
10000.0, 10000.0, 20, 300, 1e-06, 1e-05, 1e-07, 0.39945327911124645
10000.0, 10000.0, 20, 300, 1e-06, 1e-05, 1e-08, 0.20879212812861916
10000.0, 10000.0, 20, 300, 1e-06, 1e-05, 1e-10, 0.041964029022377676
10000.0, 10000.0, 20, 400, 1e-06, 1e-05, 1e-06, 0.42988333650642147
10000.0, 10000.0, 20, 400, 1e-06, 1e-05, 1e-07, 0.4238819621205152
10000.0, 10000.0, 20, 400, 1e-06, 1e-05, 1e-08, 0.2066608817469687
10000.0, 10000.0, 20, 400, 1e-06, 1e-05, 1e-10, 0.05247841515156363
10000.0, 10000.0, 20, 500, 1e-06, 1e-05, 1e-06, 0.4314623232819204
10000.0, 10000.0, 20, 500, 1e-06, 1e-05, 1e-07, 0.4206090853856594
10000.0, 10000.0, 20, 500, 1e-06, 1e-05, 1e-08, 0.21060971017475272
10000.0, 10000.0, 20, 500, 1e-06, 1e-05, 1e-10, 0.05053048004706334
10000.0, 10000.0, 20, 600, 1e-06, 1e-05, 1e-06, 0.4337628228735682
10000.0, 10000.0, 20, 600, 1e-06, 1e-05, 1e-07, 0.42965305962350137
10000.0, 10000.0, 20, 600, 1e-06, 1e-05, 1e-08, 0.21078312023632734
10000.0, 10000.0, 20, 600, 1e-06, 1e-05, 1e-10, 0.0739855485129814
10000.0, 10000.0, 20, 700, 1e-06, 1e-05, 1e-06, 0.4291008771665432
10000.0, 10000.0, 20, 700, 1e-06, 1e-05, 1e-07, 0.4270739425552716
10000.0, 10000.0, 20, 700, 1e-06, 1e-05, 1e-08, 0.2120923277918812
10000.0, 10000.0, 20, 700, 1e-06, 1e-05, 1e-10, 0.052632867595851875
10000.0, 10000.0, 20, 800, 1e-06, 1e-05, 1e-06, 0.43700204745690713
10000.0, 10000.0, 20, 800, 1e-06, 1e-05, 1e-07, 0.42733769825324397
10000.0, 10000.0, 20, 800, 1e-06, 1e-05, 1e-08, 0.21564343183776494
10000.0, 10000.0, 20, 800, 1e-06, 1e-05, 1e-10, 0.08671149166694385
10000.0, 10000.0, 20, 900, 1e-06, 1e-05, 1e-06, 0.4414355432446644
10000.0, 10000.0, 20, 900, 1e-06, 1e-05, 1e-07, 0.4282366303621007
10000.0, 10000.0, 20, 900, 1e-06, 1e-05, 1e-08, 0.21105528096672502
10000.0, 10000.0, 20, 900, 1e-06, 1e-05, 1e-10, 0.07641497213963341
10000.0, 10000.0, 20, 1000, 1e-06, 1e-05, 1e-06, 0.4296159103433685
10000.0, 10000.0, 20, 1000, 1e-06, 1e-05, 1e-07, 0.43599913504055976
10000.0, 10000.0, 20, 1000, 1e-06, 1e-05, 1e-08, 0.21293317822067845
10000.0, 10000.0, 20, 1000, 1e-06, 1e-05, 1e-10, 0.09898989898108691
10000.0, 10000.0, 50, 100, 1e-06, 1e-05, 1e-06, 0.401899162046656
10000.0, 10000.0, 50, 100, 1e-06, 1e-05, 1e-07, 0.2193107483604295
10000.0, 10000.0, 50, 100, 1e-06, 1e-05, 1e-08, 0.21068497721358678
10000.0, 10000.0, 50, 100, 1e-06, 1e-05, 1e-10, 0.031445718763376554
10000.0, 10000.0, 50, 200, 1e-06, 1e-05, 1e-06, 0.3871533216428104
10000.0, 10000.0, 50, 200, 1e-06, 1e-05, 1e-07, 0.37456299081122246
10000.0, 10000.0, 50, 200, 1e-06, 1e-05, 1e-08, 0.21080339456970235
10000.0, 10000.0, 50, 200, 1e-06, 1e-05, 1e-10, 0.030729347165511026
10000.0, 10000.0, 50, 300, 1e-06, 1e-05, 1e-06, 0.39933234950416424
10000.0, 10000.0, 50, 300, 1e-06, 1e-05, 1e-07, 0.4279756309144505
10000.0, 10000.0, 50, 300, 1e-06, 1e-05, 1e-08, 0.2095551687297402
10000.0, 10000.0, 50, 300, 1e-06, 1e-05, 1e-10, 0.05053072487776948
10000.0, 10000.0, 50, 400, 1e-06, 1e-05, 1e-06, 0.39602683136831074
10000.0, 10000.0, 50, 400, 1e-06, 1e-05, 1e-07, 0.4309912449551965
10000.0, 10000.0, 50, 400, 1e-06, 1e-05, 1e-08, 0.21053638790266452
10000.0, 10000.0, 50, 400, 1e-06, 1e-05, 1e-10, 0.06368152992378114
10000.0, 10000.0, 50, 500, 1e-06, 1e-05, 1e-06, 0.39541509020601723
10000.0, 10000.0, 50, 500, 1e-06, 1e-05, 1e-07, 0.4079490786327586
10000.0, 10000.0, 50, 500, 1e-06, 1e-05, 1e-08, 0.21262402680597048
10000.0, 10000.0, 50, 500, 1e-06, 1e-05, 1e-10, 0.06762099951981154
10000.0, 10000.0, 50, 600, 1e-06, 1e-05, 1e-06, 0.39515385977546613
10000.0, 10000.0, 50, 600, 1e-06, 1e-05, 1e-07, 0.3980004110188317
10000.0, 10000.0, 50, 600, 1e-06, 1e-05, 1e-08, 0.20597388183205215
10000.0, 10000.0, 50, 600, 1e-06, 1e-05, 1e-10, 0.08372792166053697
10000.0, 10000.0, 50, 700, 1e-06, 1e-05, 1e-06, 0.38760794437639023
10000.0, 10000.0, 50, 700, 1e-06, 1e-05, 1e-07, 0.39308225644951916
10000.0, 10000.0, 50, 700, 1e-06, 1e-05, 1e-08, 0.20487096632957907
10000.0, 10000.0, 50, 700, 1e-06, 1e-05, 1e-10, 0.10333879378105941
10000.0, 10000.0, 50, 800, 1e-06, 1e-05, 1e-06, 0.38203980745027294
10000.0, 10000.0, 50, 800, 1e-06, 1e-05, 1e-07, 0.3862769419150517
10000.0, 10000.0, 50, 800, 1e-06, 1e-05, 1e-08, 0.2097808202330441
10000.0, 10000.0, 50, 800, 1e-06, 1e-05, 1e-10, 0.11149845554460645
10000.0, 10000.0, 50, 900, 1e-06, 1e-05, 1e-06, 0.3884406114164001
10000.0, 10000.0, 50, 900, 1e-06, 1e-05, 1e-07, 0.39401003052530426
10000.0, 10000.0, 50, 900, 1e-06, 1e-05, 1e-08, 0.20645573481026108
10000.0, 10000.0, 50, 900, 1e-06, 1e-05, 1e-10, 0.11767902905423047
10000.0, 10000.0, 50, 1000, 1e-06, 1e-05, 1e-06, 0.39731922268036995
10000.0, 10000.0, 50, 1000, 1e-06, 1e-05, 1e-07, 0.38672557317817907
10000.0, 10000.0, 50, 1000, 1e-06, 1e-05, 1e-08, 0.22369905754718492
10000.0, 10000.0, 50, 1000, 1e-06, 1e-05, 1e-10, 0.11635373670619426
10000.0, 10000.0, 75, 100, 1e-06, 1e-05, 1e-06, 0.3671091749060907
10000.0, 10000.0, 75, 100, 1e-06, 1e-05, 1e-07, 0.2272677087506348
10000.0, 10000.0, 75, 100, 1e-06, 1e-05, 1e-08, 0.20914866446012845
10000.0, 10000.0, 75, 100, 1e-06, 1e-05, 1e-10, 0.035252215285429545
10000.0, 10000.0, 75, 200, 1e-06, 1e-05, 1e-06, 0.3685305397560902
10000.0, 10000.0, 75, 200, 1e-06, 1e-05, 1e-07, 0.3803643584363883
10000.0, 10000.0, 75, 200, 1e-06, 1e-05, 1e-08, 0.20652227360777933
10000.0, 10000.0, 75, 200, 1e-06, 1e-05, 1e-10, 0.044795775302840075
10000.0, 10000.0, 75, 300, 1e-06, 1e-05, 1e-06, 0.35978847560770083
10000.0, 10000.0, 75, 300, 1e-06, 1e-05, 1e-07, 0.4344096587398179
10000.0, 10000.0, 75, 300, 1e-06, 1e-05, 1e-08, 0.21805731788210614
10000.0, 10000.0, 75, 300, 1e-06, 1e-05, 1e-10, 0.06239941110508998
10000.0, 10000.0, 75, 400, 1e-06, 1e-05, 1e-06, 0.3627705277582948
10000.0, 10000.0, 75, 400, 1e-06, 1e-05, 1e-07, 0.42832794078347525
10000.0, 10000.0, 75, 400, 1e-06, 1e-05, 1e-08, 0.20332310704999884
10000.0, 10000.0, 75, 400, 1e-06, 1e-05, 1e-10, 0.066016314781057
10000.0, 10000.0, 75, 500, 1e-06, 1e-05, 1e-06, 0.36405795059087326
10000.0, 10000.0, 75, 500, 1e-06, 1e-05, 1e-07, 0.3877569407971998
10000.0, 10000.0, 75, 500, 1e-06, 1e-05, 1e-08, 0.2072476573693498
10000.0, 10000.0, 75, 500, 1e-06, 1e-05, 1e-10, 0.0963609319752199
10000.0, 10000.0, 75, 600, 1e-06, 1e-05, 1e-06, 0.3655708617888151
10000.0, 10000.0, 75, 600, 1e-06, 1e-05, 1e-07, 0.35686830808683384
10000.0, 10000.0, 75, 600, 1e-06, 1e-05, 1e-08, 0.21086464551234796
10000.0, 10000.0, 75, 600, 1e-06, 1e-05, 1e-10, 0.11546708245645121
10000.0, 10000.0, 75, 700, 1e-06, 1e-05, 1e-06, 0.35807198465947415
10000.0, 10000.0, 75, 700, 1e-06, 1e-05, 1e-07, 0.3651172401481141
10000.0, 10000.0, 75, 700, 1e-06, 1e-05, 1e-08, 0.2048004956462598
10000.0, 10000.0, 75, 700, 1e-06, 1e-05, 1e-10, 0.1422110081878601
10000.0, 10000.0, 75, 800, 1e-06, 1e-05, 1e-06, 0.3603397176025502
10000.0, 10000.0, 75, 800, 1e-06, 1e-05, 1e-07, 0.36064897577278177
10000.0, 10000.0, 75, 800, 1e-06, 1e-05, 1e-08, 0.2094642049696054
10000.0, 10000.0, 75, 800, 1e-06, 1e-05, 1e-10, 0.14793889961263584
10000.0, 10000.0, 75, 900, 1e-06, 1e-05, 1e-06, 0.35875886742551283
10000.0, 10000.0, 75, 900, 1e-06, 1e-05, 1e-07, 0.3662525595539708
10000.0, 10000.0, 75, 900, 1e-06, 1e-05, 1e-08, 0.21586521868828684
10000.0, 10000.0, 75, 900, 1e-06, 1e-05, 1e-10, 0.15478511877981965
10000.0, 10000.0, 75, 1000, 1e-06, 1e-05, 1e-06, 0.3631234158386057
10000.0, 10000.0, 75, 1000, 1e-06, 1e-05, 1e-07, 0.3665992994026693
10000.0, 10000.0, 75, 1000, 1e-06, 1e-05, 1e-08, 0.21237795121025987
10000.0, 10000.0, 75, 1000, 1e-06, 1e-05, 1e-10, 0.14687686099375816
10000.0, 10000.0, 100, 100, 1e-06, 1e-05, 1e-06, 0.33399712116461594
10000.0, 10000.0, 100, 100, 1e-06, 1e-05, 1e-07, 0.21877473671828437
10000.0, 10000.0, 100, 100, 1e-06, 1e-05, 1e-08, 0.21408685540239078
10000.0, 10000.0, 100, 100, 1e-06, 1e-05, 1e-10, 0.027648612738717618
10000.0, 10000.0, 100, 200, 1e-06, 1e-05, 1e-06, 0.33880808462379614
10000.0, 10000.0, 100, 200, 1e-06, 1e-05, 1e-07, 0.38813510568461573
10000.0, 10000.0, 100, 200, 1e-06, 1e-05, 1e-08, 0.21256559605850675
10000.0, 10000.0, 100, 200, 1e-06, 1e-05, 1e-10, 0.051437740318821985
10000.0, 10000.0, 100, 300, 1e-06, 1e-05, 1e-06, 0.33281752036251927
10000.0, 10000.0, 100, 300, 1e-06, 1e-05, 1e-07, 0.4299056316505219
10000.0, 10000.0, 100, 300, 1e-06, 1e-05, 1e-08, 0.20713536288571566
10000.0, 10000.0, 100, 300, 1e-06, 1e-05, 1e-10, 0.06513933718266547
10000.0, 10000.0, 100, 400, 1e-06, 1e-05, 1e-06, 0.3263971309152775
10000.0, 10000.0, 100, 400, 1e-06, 1e-05, 1e-07, 0.4292230519748269
10000.0, 10000.0, 100, 400, 1e-06, 1e-05, 1e-08, 0.20528667410269982
10000.0, 10000.0, 100, 400, 1e-06, 1e-05, 1e-10, 0.09769218295129173
10000.0, 10000.0, 100, 500, 1e-06, 1e-05, 1e-06, 0.33319102645350945
10000.0, 10000.0, 100, 500, 1e-06, 1e-05, 1e-07, 0.37284730635950586
10000.0, 10000.0, 100, 500, 1e-06, 1e-05, 1e-08, 0.21210740384613422
10000.0, 10000.0, 100, 500, 1e-06, 1e-05, 1e-10, 0.11999194189000825
10000.0, 10000.0, 100, 600, 1e-06, 1e-05, 1e-06, 0.32738669623312155
10000.0, 10000.0, 100, 600, 1e-06, 1e-05, 1e-07, 0.34765012800150163
10000.0, 10000.0, 100, 600, 1e-06, 1e-05, 1e-08, 0.20203067610141434
10000.0, 10000.0, 100, 600, 1e-06, 1e-05, 1e-10, 0.1263872201256716
10000.0, 10000.0, 100, 700, 1e-06, 1e-05, 1e-06, 0.33799669712260344
10000.0, 10000.0, 100, 700, 1e-06, 1e-05, 1e-07, 0.3321503764766398
10000.0, 10000.0, 100, 700, 1e-06, 1e-05, 1e-08, 0.21322844132644272
10000.0, 10000.0, 100, 700, 1e-06, 1e-05, 1e-10, 0.11334560745315582
10000.0, 10000.0, 100, 800, 1e-06, 1e-05, 1e-06, 0.3267485578643221
10000.0, 10000.0, 100, 800, 1e-06, 1e-05, 1e-07, 0.33685370776295764
10000.0, 10000.0, 100, 800, 1e-06, 1e-05, 1e-08, 0.21417885377242468
10000.0, 10000.0, 100, 800, 1e-06, 1e-05, 1e-10, 0.15672806676364362
10000.0, 10000.0, 100, 900, 1e-06, 1e-05, 1e-06, 0.3376127287129438
10000.0, 10000.0, 100, 900, 1e-06, 1e-05, 1e-07, 0.3398287753470705
10000.0, 10000.0, 100, 900, 1e-06, 1e-05, 1e-08, 0.21714498125503917
10000.0, 10000.0, 100, 900, 1e-06, 1e-05, 1e-10, 0.16726126113829834
10000.0, 10000.0, 100, 1000, 1e-06, 1e-05, 1e-06, 0.3320341432235975
10000.0, 10000.0, 100, 1000, 1e-06, 1e-05, 1e-07, 0.3311832182429637
10000.0, 10000.0, 100, 1000, 1e-06, 1e-05, 1e-08, 0.22155961000152902
10000.0, 10000.0, 100, 1000, 1e-06, 1e-05, 1e-10, 0.17952336251536305
10000.0, 100.0, 5, 100, 1e-06, 1e-05, 1e-06, 0.37126270381749343
10000.0, 100.0, 5, 100, 1e-06, 1e-05, 1e-07, 0.21162390667396222
10000.0, 100.0, 5, 100, 1e-06, 1e-05, 1e-08, 0.20877485986590186
10000.0, 100.0, 5, 100, 1e-06, 1e-05, 1e-10, 0.028463537893228134
10000.0, 100.0, 5, 200, 1e-06, 1e-05, 1e-06, 0.37048556245396885
10000.0, 100.0, 5, 200, 1e-06, 1e-05, 1e-07, 0.2956262022773643
10000.0, 100.0, 5, 200, 1e-06, 1e-05, 1e-08, 0.20434970545152137
10000.0, 100.0, 5, 200, 1e-06, 1e-05, 1e-10, 0.031733346094634976
10000.0, 100.0, 5, 300, 1e-06, 1e-05, 1e-06, 0.37911262423275494
10000.0, 100.0, 5, 300, 1e-06, 1e-05, 1e-07, 0.3761154578325461
10000.0, 100.0, 5, 300, 1e-06, 1e-05, 1e-08, 0.21160671336931533
10000.0, 100.0, 5, 300, 1e-06, 1e-05, 1e-10, 0.03334166085413528
10000.0, 100.0, 5, 400, 1e-06, 1e-05, 1e-06, 0.369818724934993
10000.0, 100.0, 5, 400, 1e-06, 1e-05, 1e-07, 0.3802422569229531
10000.0, 100.0, 5, 400, 1e-06, 1e-05, 1e-08, 0.21440826942311386
10000.0, 100.0, 5, 400, 1e-06, 1e-05, 1e-10, 0.04748828839224046
10000.0, 100.0, 5, 500, 1e-06, 1e-05, 1e-06, 0.365850053429588
10000.0, 100.0, 5, 500, 1e-06, 1e-05, 1e-07, 0.37455249672416896
10000.0, 100.0, 5, 500, 1e-06, 1e-05, 1e-08, 0.2147588128614713
10000.0, 100.0, 5, 500, 1e-06, 1e-05, 1e-10, 0.047973534112571124
10000.0, 100.0, 5, 600, 1e-06, 1e-05, 1e-06, 0.37559547034978935
10000.0, 100.0, 5, 600, 1e-06, 1e-05, 1e-07, 0.37801993614336993
10000.0, 100.0, 5, 600, 1e-06, 1e-05, 1e-08, 0.20904146098656382
10000.0, 100.0, 5, 600, 1e-06, 1e-05, 1e-10, 0.04938881489050832
10000.0, 100.0, 5, 700, 1e-06, 1e-05, 1e-06, 0.36907283433018806
10000.0, 100.0, 5, 700, 1e-06, 1e-05, 1e-07, 0.36600053906992075
10000.0, 100.0, 5, 700, 1e-06, 1e-05, 1e-08, 0.21204196931512287
10000.0, 100.0, 5, 700, 1e-06, 1e-05, 1e-10, 0.05213201083912479
10000.0, 100.0, 5, 800, 1e-06, 1e-05, 1e-06, 0.36482484583548985
10000.0, 100.0, 5, 800, 1e-06, 1e-05, 1e-07, 0.3695358299959555
10000.0, 100.0, 5, 800, 1e-06, 1e-05, 1e-08, 0.2087797795084701
10000.0, 100.0, 5, 800, 1e-06, 1e-05, 1e-10, 0.04166954501787052
10000.0, 100.0, 5, 900, 1e-06, 1e-05, 1e-06, 0.37457649795523856
10000.0, 100.0, 5, 900, 1e-06, 1e-05, 1e-07, 0.3647839884998381
10000.0, 100.0, 5, 900, 1e-06, 1e-05, 1e-08, 0.21025125338699535
10000.0, 100.0, 5, 900, 1e-06, 1e-05, 1e-10, 0.05525370435700759
10000.0, 100.0, 5, 1000, 1e-06, 1e-05, 1e-06, 0.3724988358817326
10000.0, 100.0, 5, 1000, 1e-06, 1e-05, 1e-07, 0.38177182045511704
10000.0, 100.0, 5, 1000, 1e-06, 1e-05, 1e-08, 0.2106816972330779
10000.0, 100.0, 5, 1000, 1e-06, 1e-05, 1e-10, 0.04274995664385725
10000.0, 100.0, 10, 100, 1e-06, 1e-05, 1e-06, 0.4132202739538598
10000.0, 100.0, 10, 100, 1e-06, 1e-05, 1e-07, 0.21265638996258235
10000.0, 100.0, 10, 100, 1e-06, 1e-05, 1e-08, 0.20607541981171282
10000.0, 100.0, 10, 100, 1e-06, 1e-05, 1e-10, 0.03274309350588158
10000.0, 100.0, 10, 200, 1e-06, 1e-05, 1e-06, 0.4077821188563854
10000.0, 100.0, 10, 200, 1e-06, 1e-05, 1e-07, 0.3470582635703946
10000.0, 100.0, 10, 200, 1e-06, 1e-05, 1e-08, 0.21181145093061252
10000.0, 100.0, 10, 200, 1e-06, 1e-05, 1e-10, 0.040218107841126796
10000.0, 100.0, 10, 300, 1e-06, 1e-05, 1e-06, 0.4079994405596922
10000.0, 100.0, 10, 300, 1e-06, 1e-05, 1e-07, 0.38795837044766757
10000.0, 100.0, 10, 300, 1e-06, 1e-05, 1e-08, 0.2103489477392163
10000.0, 100.0, 10, 300, 1e-06, 1e-05, 1e-10, 0.032561903581514416
10000.0, 100.0, 10, 400, 1e-06, 1e-05, 1e-06, 0.41125880112916463
10000.0, 100.0, 10, 400, 1e-06, 1e-05, 1e-07, 0.4061623293135452
10000.0, 100.0, 10, 400, 1e-06, 1e-05, 1e-08, 0.21138592973712148
10000.0, 100.0, 10, 400, 1e-06, 1e-05, 1e-10, 0.05123742618920128
10000.0, 100.0, 10, 500, 1e-06, 1e-05, 1e-06, 0.40705236868580214
10000.0, 100.0, 10, 500, 1e-06, 1e-05, 1e-07, 0.40574875043187725
10000.0, 100.0, 10, 500, 1e-06, 1e-05, 1e-08, 0.2082439414845236
10000.0, 100.0, 10, 500, 1e-06, 1e-05, 1e-10, 0.04145292269926129
10000.0, 100.0, 10, 600, 1e-06, 1e-05, 1e-06, 0.4180502645326394
10000.0, 100.0, 10, 600, 1e-06, 1e-05, 1e-07, 0.4126934835721113
10000.0, 100.0, 10, 600, 1e-06, 1e-05, 1e-08, 0.20958788516676302
10000.0, 100.0, 10, 600, 1e-06, 1e-05, 1e-10, 0.05290728698164552
10000.0, 100.0, 10, 700, 1e-06, 1e-05, 1e-06, 0.41672740853886403
10000.0, 100.0, 10, 700, 1e-06, 1e-05, 1e-07, 0.4135031303127164
10000.0, 100.0, 10, 700, 1e-06, 1e-05, 1e-08, 0.20170088694593677
10000.0, 100.0, 10, 700, 1e-06, 1e-05, 1e-10, 0.057369531409142256
10000.0, 100.0, 10, 800, 1e-06, 1e-05, 1e-06, 0.4114151200428293
10000.0, 100.0, 10, 800, 1e-06, 1e-05, 1e-07, 0.4106700748224179
10000.0, 100.0, 10, 800, 1e-06, 1e-05, 1e-08, 0.21346315533029586
10000.0, 100.0, 10, 800, 1e-06, 1e-05, 1e-10, 0.06779090722985653
10000.0, 100.0, 10, 900, 1e-06, 1e-05, 1e-06, 0.4105268945144653
10000.0, 100.0, 10, 900, 1e-06, 1e-05, 1e-07, 0.4179712808519148
10000.0, 100.0, 10, 900, 1e-06, 1e-05, 1e-08, 0.21056432430190053
10000.0, 100.0, 10, 900, 1e-06, 1e-05, 1e-10, 0.049593718295241035
10000.0, 100.0, 10, 1000, 1e-06, 1e-05, 1e-06, 0.41188640635928636
10000.0, 100.0, 10, 1000, 1e-06, 1e-05, 1e-07, 0.4122945560906931
10000.0, 100.0, 10, 1000, 1e-06, 1e-05, 1e-08, 0.21773483742893146
10000.0, 100.0, 10, 1000, 1e-06, 1e-05, 1e-10, 0.05403765908723415
10000.0, 100.0, 20, 100, 1e-06, 1e-05, 1e-06, 0.42478316727377047
10000.0, 100.0, 20, 100, 1e-06, 1e-05, 1e-07, 0.2168367811033216
10000.0, 100.0, 20, 100, 1e-06, 1e-05, 1e-08, 0.20615283483467317
10000.0, 100.0, 20, 100, 1e-06, 1e-05, 1e-10, 0.0335165205012607
10000.0, 100.0, 20, 200, 1e-06, 1e-05, 1e-06, 0.438019754982737
10000.0, 100.0, 20, 200, 1e-06, 1e-05, 1e-07, 0.35899540035412897
10000.0, 100.0, 20, 200, 1e-06, 1e-05, 1e-08, 0.20915121651491203
10000.0, 100.0, 20, 200, 1e-06, 1e-05, 1e-10, 0.04368756222688791
10000.0, 100.0, 20, 300, 1e-06, 1e-05, 1e-06, 0.434550418664685
10000.0, 100.0, 20, 300, 1e-06, 1e-05, 1e-07, 0.4131949812609522
10000.0, 100.0, 20, 300, 1e-06, 1e-05, 1e-08, 0.2154870975781151
10000.0, 100.0, 20, 300, 1e-06, 1e-05, 1e-10, 0.037838774496589206
10000.0, 100.0, 20, 400, 1e-06, 1e-05, 1e-06, 0.4310465266007432
10000.0, 100.0, 20, 400, 1e-06, 1e-05, 1e-07, 0.41535587667025287
10000.0, 100.0, 20, 400, 1e-06, 1e-05, 1e-08, 0.21011470398778329
10000.0, 100.0, 20, 400, 1e-06, 1e-05, 1e-10, 0.04690806527767251
10000.0, 100.0, 20, 500, 1e-06, 1e-05, 1e-06, 0.43064207570332513
10000.0, 100.0, 20, 500, 1e-06, 1e-05, 1e-07, 0.4225714245822239
10000.0, 100.0, 20, 500, 1e-06, 1e-05, 1e-08, 0.21312134495513238
10000.0, 100.0, 20, 500, 1e-06, 1e-05, 1e-10, 0.06399212451899086
10000.0, 100.0, 20, 600, 1e-06, 1e-05, 1e-06, 0.4270444951641681
10000.0, 100.0, 20, 600, 1e-06, 1e-05, 1e-07, 0.4274953010011353
10000.0, 100.0, 20, 600, 1e-06, 1e-05, 1e-08, 0.20755142065442678
10000.0, 100.0, 20, 600, 1e-06, 1e-05, 1e-10, 0.05021277395430849
10000.0, 100.0, 20, 700, 1e-06, 1e-05, 1e-06, 0.4389091915321492
10000.0, 100.0, 20, 700, 1e-06, 1e-05, 1e-07, 0.4304141294560231
10000.0, 100.0, 20, 700, 1e-06, 1e-05, 1e-08, 0.21512309005140684
10000.0, 100.0, 20, 700, 1e-06, 1e-05, 1e-10, 0.079555559946945
10000.0, 100.0, 20, 800, 1e-06, 1e-05, 1e-06, 0.44033664104261344
10000.0, 100.0, 20, 800, 1e-06, 1e-05, 1e-07, 0.4236663360051294
10000.0, 100.0, 20, 800, 1e-06, 1e-05, 1e-08, 0.21092139902118484
10000.0, 100.0, 20, 800, 1e-06, 1e-05, 1e-10, 0.060938437570840255
10000.0, 100.0, 20, 900, 1e-06, 1e-05, 1e-06, 0.43115340893884146
10000.0, 100.0, 20, 900, 1e-06, 1e-05, 1e-07, 0.4278174644690119
10000.0, 100.0, 20, 900, 1e-06, 1e-05, 1e-08, 0.21164538229069693
10000.0, 100.0, 20, 900, 1e-06, 1e-05, 1e-10, 0.06981199674722513
10000.0, 100.0, 20, 1000, 1e-06, 1e-05, 1e-06, 0.4385670372610077
10000.0, 100.0, 20, 1000, 1e-06, 1e-05, 1e-07, 0.4301326915225214
10000.0, 100.0, 20, 1000, 1e-06, 1e-05, 1e-08, 0.22065409425036506
10000.0, 100.0, 20, 1000, 1e-06, 1e-05, 1e-10, 0.09187982531295301
10000.0, 100.0, 50, 100, 1e-06, 1e-05, 1e-06, 0.3845166058515477
10000.0, 100.0, 50, 100, 1e-06, 1e-05, 1e-07, 0.21944606443263134
10000.0, 100.0, 50, 100, 1e-06, 1e-05, 1e-08, 0.21335317864946152
10000.0, 100.0, 50, 100, 1e-06, 1e-05, 1e-10, 0.030683159339403233
10000.0, 100.0, 50, 200, 1e-06, 1e-05, 1e-06, 0.3867413847737552
10000.0, 100.0, 50, 200, 1e-06, 1e-05, 1e-07, 0.3778436709523377
10000.0, 100.0, 50, 200, 1e-06, 1e-05, 1e-08, 0.2160279543092627
10000.0, 100.0, 50, 200, 1e-06, 1e-05, 1e-10, 0.059403247633234284
10000.0, 100.0, 50, 300, 1e-06, 1e-05, 1e-06, 0.3901258943390752
10000.0, 100.0, 50, 300, 1e-06, 1e-05, 1e-07, 0.43031421396154446
10000.0, 100.0, 50, 300, 1e-06, 1e-05, 1e-08, 0.20914994744459212
10000.0, 100.0, 50, 300, 1e-06, 1e-05, 1e-10, 0.053916753445558484
10000.0, 100.0, 50, 400, 1e-06, 1e-05, 1e-06, 0.3802002180649789
10000.0, 100.0, 50, 400, 1e-06, 1e-05, 1e-07, 0.419096411040435
10000.0, 100.0, 50, 400, 1e-06, 1e-05, 1e-08, 0.21085776962470673
10000.0, 100.0, 50, 400, 1e-06, 1e-05, 1e-10, 0.06638404779853017
10000.0, 100.0, 50, 500, 1e-06, 1e-05, 1e-06, 0.3811285844744733
10000.0, 100.0, 50, 500, 1e-06, 1e-05, 1e-07, 0.3826604000224037
10000.0, 100.0, 50, 500, 1e-06, 1e-05, 1e-08, 0.21531333122523824
10000.0, 100.0, 50, 500, 1e-06, 1e-05, 1e-10, 0.06332384451551587
10000.0, 100.0, 50, 600, 1e-06, 1e-05, 1e-06, 0.3861073836536951
10000.0, 100.0, 50, 600, 1e-06, 1e-05, 1e-07, 0.39485396317292937
10000.0, 100.0, 50, 600, 1e-06, 1e-05, 1e-08, 0.2052123247313744
10000.0, 100.0, 50, 600, 1e-06, 1e-05, 1e-10, 0.09709699450535805
10000.0, 100.0, 50, 700, 1e-06, 1e-05, 1e-06, 0.3834899693969712
10000.0, 100.0, 50, 700, 1e-06, 1e-05, 1e-07, 0.3860291199171746
10000.0, 100.0, 50, 700, 1e-06, 1e-05, 1e-08, 0.21898302136996373
10000.0, 100.0, 50, 700, 1e-06, 1e-05, 1e-10, 0.12768996960110968
10000.0, 100.0, 50, 800, 1e-06, 1e-05, 1e-06, 0.3903755524072195
10000.0, 100.0, 50, 800, 1e-06, 1e-05, 1e-07, 0.3821936628757139
10000.0, 100.0, 50, 800, 1e-06, 1e-05, 1e-08, 0.2044491544876363
10000.0, 100.0, 50, 800, 1e-06, 1e-05, 1e-10, 0.1493567067219713
10000.0, 100.0, 50, 900, 1e-06, 1e-05, 1e-06, 0.3943745905128765
10000.0, 100.0, 50, 900, 1e-06, 1e-05, 1e-07, 0.38687552641787143
10000.0, 100.0, 50, 900, 1e-06, 1e-05, 1e-08, 0.21110384613080188
10000.0, 100.0, 50, 900, 1e-06, 1e-05, 1e-10, 0.14193819332230173
10000.0, 100.0, 50, 1000, 1e-06, 1e-05, 1e-06, 0.3877968161616093
10000.0, 100.0, 50, 1000, 1e-06, 1e-05, 1e-07, 0.38086641283316797
10000.0, 100.0, 50, 1000, 1e-06, 1e-05, 1e-08, 0.22330635116909517
10000.0, 100.0, 50, 1000, 1e-06, 1e-05, 1e-10, 0.12676816193811796
10000.0, 100.0, 75, 100, 1e-06, 1e-05, 1e-06, 0.3555231792919719
10000.0, 100.0, 75, 100, 1e-06, 1e-05, 1e-07, 0.22369266726281542
10000.0, 100.0, 75, 100, 1e-06, 1e-05, 1e-08, 0.2101724901225203
10000.0, 100.0, 75, 100, 1e-06, 1e-05, 1e-10, 0.039771368834134416
10000.0, 100.0, 75, 200, 1e-06, 1e-05, 1e-06, 0.35532321394268324
10000.0, 100.0, 75, 200, 1e-06, 1e-05, 1e-07, 0.38551088031979486
10000.0, 100.0, 75, 200, 1e-06, 1e-05, 1e-08, 0.21242494895604405
10000.0, 100.0, 75, 200, 1e-06, 1e-05, 1e-10, 0.05334344327292974
10000.0, 100.0, 75, 300, 1e-06, 1e-05, 1e-06, 0.3599016104417786
10000.0, 100.0, 75, 300, 1e-06, 1e-05, 1e-07, 0.4374871410495684
10000.0, 100.0, 75, 300, 1e-06, 1e-05, 1e-08, 0.2132148797027554
10000.0, 100.0, 75, 300, 1e-06, 1e-05, 1e-10, 0.06394761569085133
10000.0, 100.0, 75, 400, 1e-06, 1e-05, 1e-06, 0.34531947476679614
10000.0, 100.0, 75, 400, 1e-06, 1e-05, 1e-07, 0.4082268700915784
10000.0, 100.0, 75, 400, 1e-06, 1e-05, 1e-08, 0.2099140966736253
10000.0, 100.0, 75, 400, 1e-06, 1e-05, 1e-10, 0.07316010480475392
10000.0, 100.0, 75, 500, 1e-06, 1e-05, 1e-06, 0.3460676595356633
10000.0, 100.0, 75, 500, 1e-06, 1e-05, 1e-07, 0.3687763583653129
10000.0, 100.0, 75, 500, 1e-06, 1e-05, 1e-08, 0.211181073052108
10000.0, 100.0, 75, 500, 1e-06, 1e-05, 1e-10, 0.07264512452505284
10000.0, 100.0, 75, 600, 1e-06, 1e-05, 1e-06, 0.3565761353378906
10000.0, 100.0, 75, 600, 1e-06, 1e-05, 1e-07, 0.3688990736946365
10000.0, 100.0, 75, 600, 1e-06, 1e-05, 1e-08, 0.21501450674215297
10000.0, 100.0, 75, 600, 1e-06, 1e-05, 1e-10, 0.08297511959896534
10000.0, 100.0, 75, 700, 1e-06, 1e-05, 1e-06, 0.3537514837416598
10000.0, 100.0, 75, 700, 1e-06, 1e-05, 1e-07, 0.35904866624904364
10000.0, 100.0, 75, 700, 1e-06, 1e-05, 1e-08, 0.20792887455525325
10000.0, 100.0, 75, 700, 1e-06, 1e-05, 1e-10, 0.11755880637351514
10000.0, 100.0, 75, 800, 1e-06, 1e-05, 1e-06, 0.3504466020212807
10000.0, 100.0, 75, 800, 1e-06, 1e-05, 1e-07, 0.3466060893286038
10000.0, 100.0, 75, 800, 1e-06, 1e-05, 1e-08, 0.21123668894383077
10000.0, 100.0, 75, 800, 1e-06, 1e-05, 1e-10, 0.1604426230232173
10000.0, 100.0, 75, 900, 1e-06, 1e-05, 1e-06, 0.35326589942718667
10000.0, 100.0, 75, 900, 1e-06, 1e-05, 1e-07, 0.34893738556059084
10000.0, 100.0, 75, 900, 1e-06, 1e-05, 1e-08, 0.20626921347519311
10000.0, 100.0, 75, 900, 1e-06, 1e-05, 1e-10, 0.14266956983483856
10000.0, 100.0, 75, 1000, 1e-06, 1e-05, 1e-06, 0.3456168584543463
10000.0, 100.0, 75, 1000, 1e-06, 1e-05, 1e-07, 0.36151155806859436
10000.0, 100.0, 75, 1000, 1e-06, 1e-05, 1e-08, 0.21775353226503694
10000.0, 100.0, 75, 1000, 1e-06, 1e-05, 1e-10, 0.16241554600906735
10000.0, 100.0, 100, 100, 1e-06, 1e-05, 1e-06, 0.3231680464649924
10000.0, 100.0, 100, 100, 1e-06, 1e-05, 1e-07, 0.22739986279115454
10000.0, 100.0, 100, 100, 1e-06, 1e-05, 1e-08, 0.21439764446972992
10000.0, 100.0, 100, 100, 1e-06, 1e-05, 1e-10, 0.029889030269809297
10000.0, 100.0, 100, 200, 1e-06, 1e-05, 1e-06, 0.33003933071591846
10000.0, 100.0, 100, 200, 1e-06, 1e-05, 1e-07, 0.3905927363818548
10000.0, 100.0, 100, 200, 1e-06, 1e-05, 1e-08, 0.2126371558627693
10000.0, 100.0, 100, 200, 1e-06, 1e-05, 1e-10, 0.04167518457195729
10000.0, 100.0, 100, 300, 1e-06, 1e-05, 1e-06, 0.3316532291986424
10000.0, 100.0, 100, 300, 1e-06, 1e-05, 1e-07, 0.4364107066846306
10000.0, 100.0, 100, 300, 1e-06, 1e-05, 1e-08, 0.20978587219063374
10000.0, 100.0, 100, 300, 1e-06, 1e-05, 1e-10, 0.08547517437480139
10000.0, 100.0, 100, 400, 1e-06, 1e-05, 1e-06, 0.31797844903641226
10000.0, 100.0, 100, 400, 1e-06, 1e-05, 1e-07, 0.4147514725603896
10000.0, 100.0, 100, 400, 1e-06, 1e-05, 1e-08, 0.21430464875058908
10000.0, 100.0, 100, 400, 1e-06, 1e-05, 1e-10, 0.07508122787485044
10000.0, 100.0, 100, 500, 1e-06, 1e-05, 1e-06, 0.3192247882722838
10000.0, 100.0, 100, 500, 1e-06, 1e-05, 1e-07, 0.3501136527624768
10000.0, 100.0, 100, 500, 1e-06, 1e-05, 1e-08, 0.2077500137395261
10000.0, 100.0, 100, 500, 1e-06, 1e-05, 1e-10, 0.07821797947210389
10000.0, 100.0, 100, 600, 1e-06, 1e-05, 1e-06, 0.33694762560468317
10000.0, 100.0, 100, 600, 1e-06, 1e-05, 1e-07, 0.3297049144335426
10000.0, 100.0, 100, 600, 1e-06, 1e-05, 1e-08, 0.21306064414603174
10000.0, 100.0, 100, 600, 1e-06, 1e-05, 1e-10, 0.12829846642178333
10000.0, 100.0, 100, 700, 1e-06, 1e-05, 1e-06, 0.32104742137053477
10000.0, 100.0, 100, 700, 1e-06, 1e-05, 1e-07, 0.3274411218793942
10000.0, 100.0, 100, 700, 1e-06, 1e-05, 1e-08, 0.20914174442134478
10000.0, 100.0, 100, 700, 1e-06, 1e-05, 1e-10, 0.14775005257739082
10000.0, 100.0, 100, 800, 1e-06, 1e-05, 1e-06, 0.3297246341698981
10000.0, 100.0, 100, 800, 1e-06, 1e-05, 1e-07, 0.32853914625916325
10000.0, 100.0, 100, 800, 1e-06, 1e-05, 1e-08, 0.21086660104041657
10000.0, 100.0, 100, 800, 1e-06, 1e-05, 1e-10, 0.16775069220929353
10000.0, 100.0, 100, 900, 1e-06, 1e-05, 1e-06, 0.32359407702000115
10000.0, 100.0, 100, 900, 1e-06, 1e-05, 1e-07, 0.31860275302582314
10000.0, 100.0, 100, 900, 1e-06, 1e-05, 1e-08, 0.22348104350440096
10000.0, 100.0, 100, 900, 1e-06, 1e-05, 1e-10, 0.17667647241267598
10000.0, 100.0, 100, 1000, 1e-06, 1e-05, 1e-06, 0.32029989698999306
10000.0, 100.0, 100, 1000, 1e-06, 1e-05, 1e-07, 0.3281685446023131
10000.0, 100.0, 100, 1000, 1e-06, 1e-05, 1e-08, 0.2343948073649556
10000.0, 100.0, 100, 1000, 1e-06, 1e-05, 1e-10, 0.1830128029889384
10000.0, 1, 5, 100, 1e-06, 1e-05, 1e-06, 0.3741887548172145
10000.0, 1, 5, 100, 1e-06, 1e-05, 1e-07, 0.21337698907159636
10000.0, 1, 5, 100, 1e-06, 1e-05, 1e-08, 0.2053245315279965
10000.0, 1, 5, 100, 1e-06, 1e-05, 1e-10, 0.03652163487759407
10000.0, 1, 5, 200, 1e-06, 1e-05, 1e-06, 0.36591747214668296
10000.0, 1, 5, 200, 1e-06, 1e-05, 1e-07, 0.3265728966033261
10000.0, 1, 5, 200, 1e-06, 1e-05, 1e-08, 0.20223111333748622
10000.0, 1, 5, 200, 1e-06, 1e-05, 1e-10, 0.03253481611070057
10000.0, 1, 5, 300, 1e-06, 1e-05, 1e-06, 0.3723711034273772
10000.0, 1, 5, 300, 1e-06, 1e-05, 1e-07, 0.37127980132032423
10000.0, 1, 5, 300, 1e-06, 1e-05, 1e-08, 0.21304544027371447
10000.0, 1, 5, 300, 1e-06, 1e-05, 1e-10, 0.0412277602815627
10000.0, 1, 5, 400, 1e-06, 1e-05, 1e-06, 0.36176561699240245
10000.0, 1, 5, 400, 1e-06, 1e-05, 1e-07, 0.3666016203561348
10000.0, 1, 5, 400, 1e-06, 1e-05, 1e-08, 0.20887164823953014
10000.0, 1, 5, 400, 1e-06, 1e-05, 1e-10, 0.03464349754202556
10000.0, 1, 5, 500, 1e-06, 1e-05, 1e-06, 0.37145599347670527
10000.0, 1, 5, 500, 1e-06, 1e-05, 1e-07, 0.3755871168015015
10000.0, 1, 5, 500, 1e-06, 1e-05, 1e-08, 0.2057972866227373
10000.0, 1, 5, 500, 1e-06, 1e-05, 1e-10, 0.04382408481148976
10000.0, 1, 5, 600, 1e-06, 1e-05, 1e-06, 0.3747655246396012
10000.0, 1, 5, 600, 1e-06, 1e-05, 1e-07, 0.3642176719922529
10000.0, 1, 5, 600, 1e-06, 1e-05, 1e-08, 0.2090955165971683
10000.0, 1, 5, 600, 1e-06, 1e-05, 1e-10, 0.056643074495956625
10000.0, 1, 5, 700, 1e-06, 1e-05, 1e-06, 0.36811855299552065
10000.0, 1, 5, 700, 1e-06, 1e-05, 1e-07, 0.37310575313690486
10000.0, 1, 5, 700, 1e-06, 1e-05, 1e-08, 0.20903643587498197
10000.0, 1, 5, 700, 1e-06, 1e-05, 1e-10, 0.05014552568465724
10000.0, 1, 5, 800, 1e-06, 1e-05, 1e-06, 0.36983043207683486
10000.0, 1, 5, 800, 1e-06, 1e-05, 1e-07, 0.372530017975484
10000.0, 1, 5, 800, 1e-06, 1e-05, 1e-08, 0.20629405654171235
10000.0, 1, 5, 800, 1e-06, 1e-05, 1e-10, 0.04449264709726604
10000.0, 1, 5, 900, 1e-06, 1e-05, 1e-06, 0.38254143491846704
10000.0, 1, 5, 900, 1e-06, 1e-05, 1e-07, 0.38118046671462263
10000.0, 1, 5, 900, 1e-06, 1e-05, 1e-08, 0.21527648226439988
10000.0, 1, 5, 900, 1e-06, 1e-05, 1e-10, 0.04454400431910999
10000.0, 1, 5, 1000, 1e-06, 1e-05, 1e-06, 0.37576750923777436
10000.0, 1, 5, 1000, 1e-06, 1e-05, 1e-07, 0.3601490876692532
10000.0, 1, 5, 1000, 1e-06, 1e-05, 1e-08, 0.21313982808170534
10000.0, 1, 5, 1000, 1e-06, 1e-05, 1e-10, 0.04836920580122277
10000.0, 1, 10, 100, 1e-06, 1e-05, 1e-06, 0.41044757743690796
10000.0, 1, 10, 100, 1e-06, 1e-05, 1e-07, 0.21458778667692763
10000.0, 1, 10, 100, 1e-06, 1e-05, 1e-08, 0.21322452606617787
10000.0, 1, 10, 100, 1e-06, 1e-05, 1e-10, 0.043479052577835894
10000.0, 1, 10, 200, 1e-06, 1e-05, 1e-06, 0.41345666855663565
10000.0, 1, 10, 200, 1e-06, 1e-05, 1e-07, 0.3565373505776019
10000.0, 1, 10, 200, 1e-06, 1e-05, 1e-08, 0.21116265443303112
10000.0, 1, 10, 200, 1e-06, 1e-05, 1e-10, 0.04164197091584626
10000.0, 1, 10, 300, 1e-06, 1e-05, 1e-06, 0.4199246953211055
10000.0, 1, 10, 300, 1e-06, 1e-05, 1e-07, 0.39106569115838097
10000.0, 1, 10, 300, 1e-06, 1e-05, 1e-08, 0.21054665277795578
10000.0, 1, 10, 300, 1e-06, 1e-05, 1e-10, 0.03131720282521765
10000.0, 1, 10, 400, 1e-06, 1e-05, 1e-06, 0.4066227626250975
10000.0, 1, 10, 400, 1e-06, 1e-05, 1e-07, 0.40870532205498145
10000.0, 1, 10, 400, 1e-06, 1e-05, 1e-08, 0.21448739318212423
10000.0, 1, 10, 400, 1e-06, 1e-05, 1e-10, 0.03428964380586547
10000.0, 1, 10, 500, 1e-06, 1e-05, 1e-06, 0.41312477779833445
10000.0, 1, 10, 500, 1e-06, 1e-05, 1e-07, 0.4080779896774859
10000.0, 1, 10, 500, 1e-06, 1e-05, 1e-08, 0.2139821736927374
10000.0, 1, 10, 500, 1e-06, 1e-05, 1e-10, 0.0456180165842531
10000.0, 1, 10, 600, 1e-06, 1e-05, 1e-06, 0.40689417108283094
10000.0, 1, 10, 600, 1e-06, 1e-05, 1e-07, 0.4204056626696031
10000.0, 1, 10, 600, 1e-06, 1e-05, 1e-08, 0.21268048553101881
10000.0, 1, 10, 600, 1e-06, 1e-05, 1e-10, 0.04679612240128366
10000.0, 1, 10, 700, 1e-06, 1e-05, 1e-06, 0.40247771516222686
10000.0, 1, 10, 700, 1e-06, 1e-05, 1e-07, 0.40067236874270173
10000.0, 1, 10, 700, 1e-06, 1e-05, 1e-08, 0.2139769388472839
10000.0, 1, 10, 700, 1e-06, 1e-05, 1e-10, 0.0679238461198902
10000.0, 1, 10, 800, 1e-06, 1e-05, 1e-06, 0.4079024900094613
10000.0, 1, 10, 800, 1e-06, 1e-05, 1e-07, 0.4101201667154886
10000.0, 1, 10, 800, 1e-06, 1e-05, 1e-08, 0.21437182560876003
10000.0, 1, 10, 800, 1e-06, 1e-05, 1e-10, 0.07938338599616471
10000.0, 1, 10, 900, 1e-06, 1e-05, 1e-06, 0.41025397193393287
10000.0, 1, 10, 900, 1e-06, 1e-05, 1e-07, 0.4097093384108725
10000.0, 1, 10, 900, 1e-06, 1e-05, 1e-08, 0.21171976957970465
10000.0, 1, 10, 900, 1e-06, 1e-05, 1e-10, 0.0811222230081329
10000.0, 1, 10, 1000, 1e-06, 1e-05, 1e-06, 0.4081982210626131
10000.0, 1, 10, 1000, 1e-06, 1e-05, 1e-07, 0.4142220741951159
10000.0, 1, 10, 1000, 1e-06, 1e-05, 1e-08, 0.21035064430676534
10000.0, 1, 10, 1000, 1e-06, 1e-05, 1e-10, 0.07524005655750991
10000.0, 1, 20, 100, 1e-06, 1e-05, 1e-06, 0.4292880342927598
10000.0, 1, 20, 100, 1e-06, 1e-05, 1e-07, 0.2042274580763784
10000.0, 1, 20, 100, 1e-06, 1e-05, 1e-08, 0.2036054650375979
10000.0, 1, 20, 100, 1e-06, 1e-05, 1e-10, 0.032836054163905386
10000.0, 1, 20, 200, 1e-06, 1e-05, 1e-06, 0.4356901837293825
10000.0, 1, 20, 200, 1e-06, 1e-05, 1e-07, 0.36700508837604845
10000.0, 1, 20, 200, 1e-06, 1e-05, 1e-08, 0.2191508690140615
10000.0, 1, 20, 200, 1e-06, 1e-05, 1e-10, 0.0406359881738213
10000.0, 1, 20, 300, 1e-06, 1e-05, 1e-06, 0.43461592154733536
10000.0, 1, 20, 300, 1e-06, 1e-05, 1e-07, 0.4061740846427605
10000.0, 1, 20, 300, 1e-06, 1e-05, 1e-08, 0.20944581196172463
10000.0, 1, 20, 300, 1e-06, 1e-05, 1e-10, 0.025177165300182915
10000.0, 1, 20, 400, 1e-06, 1e-05, 1e-06, 0.43572853189314437
10000.0, 1, 20, 400, 1e-06, 1e-05, 1e-07, 0.4207593479590124
10000.0, 1, 20, 400, 1e-06, 1e-05, 1e-08, 0.21277253741090307
10000.0, 1, 20, 400, 1e-06, 1e-05, 1e-10, 0.051967177506896396
10000.0, 1, 20, 500, 1e-06, 1e-05, 1e-06, 0.43403296003861097
10000.0, 1, 20, 500, 1e-06, 1e-05, 1e-07, 0.42551987007694736
10000.0, 1, 20, 500, 1e-06, 1e-05, 1e-08, 0.21683953819250626
10000.0, 1, 20, 500, 1e-06, 1e-05, 1e-10, 0.05692083005546928
10000.0, 1, 20, 600, 1e-06, 1e-05, 1e-06, 0.4330897646879921
10000.0, 1, 20, 600, 1e-06, 1e-05, 1e-07, 0.4204224326181964
10000.0, 1, 20, 600, 1e-06, 1e-05, 1e-08, 0.21134015702341474
10000.0, 1, 20, 600, 1e-06, 1e-05, 1e-10, 0.0529269613216717
10000.0, 1, 20, 700, 1e-06, 1e-05, 1e-06, 0.4411198400549662
10000.0, 1, 20, 700, 1e-06, 1e-05, 1e-07, 0.42571314254478027
10000.0, 1, 20, 700, 1e-06, 1e-05, 1e-08, 0.20843518176214884
10000.0, 1, 20, 700, 1e-06, 1e-05, 1e-10, 0.0589767607739804
10000.0, 1, 20, 800, 1e-06, 1e-05, 1e-06, 0.42928544656305645
10000.0, 1, 20, 800, 1e-06, 1e-05, 1e-07, 0.4241466521944547
10000.0, 1, 20, 800, 1e-06, 1e-05, 1e-08, 0.21536022672732472
10000.0, 1, 20, 800, 1e-06, 1e-05, 1e-10, 0.10032766634415395
10000.0, 1, 20, 900, 1e-06, 1e-05, 1e-06, 0.42955710580815465
10000.0, 1, 20, 900, 1e-06, 1e-05, 1e-07, 0.43102422413985547
10000.0, 1, 20, 900, 1e-06, 1e-05, 1e-08, 0.2102192571378208
10000.0, 1, 20, 900, 1e-06, 1e-05, 1e-10, 0.09189959173807405
10000.0, 1, 20, 1000, 1e-06, 1e-05, 1e-06, 0.4356372920859147
10000.0, 1, 20, 1000, 1e-06, 1e-05, 1e-07, 0.4292256386913747
10000.0, 1, 20, 1000, 1e-06, 1e-05, 1e-08, 0.21688681161810514
10000.0, 1, 20, 1000, 1e-06, 1e-05, 1e-10, 0.10318064126094861
10000.0, 1, 50, 100, 1e-06, 1e-05, 1e-06, 0.3925392124015306
10000.0, 1, 50, 100, 1e-06, 1e-05, 1e-07, 0.21632459508749222
10000.0, 1, 50, 100, 1e-06, 1e-05, 1e-08, 0.21371753049321832
10000.0, 1, 50, 100, 1e-06, 1e-05, 1e-10, 0.03431181800281482
10000.0, 1, 50, 200, 1e-06, 1e-05, 1e-06, 0.3936835522218934
10000.0, 1, 50, 200, 1e-06, 1e-05, 1e-07, 0.37610430809361833
10000.0, 1, 50, 200, 1e-06, 1e-05, 1e-08, 0.21737270574101633
10000.0, 1, 50, 200, 1e-06, 1e-05, 1e-10, 0.038484912088877284
10000.0, 1, 50, 300, 1e-06, 1e-05, 1e-06, 0.38909297012685795
10000.0, 1, 50, 300, 1e-06, 1e-05, 1e-07, 0.428316456730633
10000.0, 1, 50, 300, 1e-06, 1e-05, 1e-08, 0.21150915817818008
10000.0, 1, 50, 300, 1e-06, 1e-05, 1e-10, 0.03574496223115285
10000.0, 1, 50, 400, 1e-06, 1e-05, 1e-06, 0.3858819569769698
10000.0, 1, 50, 400, 1e-06, 1e-05, 1e-07, 0.4243214507471244
10000.0, 1, 50, 400, 1e-06, 1e-05, 1e-08, 0.20738597436160636
10000.0, 1, 50, 400, 1e-06, 1e-05, 1e-10, 0.052279937073554376
10000.0, 1, 50, 500, 1e-06, 1e-05, 1e-06, 0.38644066078984546
10000.0, 1, 50, 500, 1e-06, 1e-05, 1e-07, 0.40117090770101205
10000.0, 1, 50, 500, 1e-06, 1e-05, 1e-08, 0.2060698248808388
10000.0, 1, 50, 500, 1e-06, 1e-05, 1e-10, 0.07750586008038222
10000.0, 1, 50, 600, 1e-06, 1e-05, 1e-06, 0.3812388876073073
10000.0, 1, 50, 600, 1e-06, 1e-05, 1e-07, 0.39633862454143504
10000.0, 1, 50, 600, 1e-06, 1e-05, 1e-08, 0.21098834543078623
10000.0, 1, 50, 600, 1e-06, 1e-05, 1e-10, 0.0871594838439763
10000.0, 1, 50, 700, 1e-06, 1e-05, 1e-06, 0.3847492416208558
10000.0, 1, 50, 700, 1e-06, 1e-05, 1e-07, 0.3810100851303592
10000.0, 1, 50, 700, 1e-06, 1e-05, 1e-08, 0.20950117723268263
10000.0, 1, 50, 700, 1e-06, 1e-05, 1e-10, 0.11378106951806252
10000.0, 1, 50, 800, 1e-06, 1e-05, 1e-06, 0.3837164324482174
10000.0, 1, 50, 800, 1e-06, 1e-05, 1e-07, 0.38160961406017774
10000.0, 1, 50, 800, 1e-06, 1e-05, 1e-08, 0.21726407248749977
10000.0, 1, 50, 800, 1e-06, 1e-05, 1e-10, 0.10419787137865213
10000.0, 1, 50, 900, 1e-06, 1e-05, 1e-06, 0.3876688826380879
10000.0, 1, 50, 900, 1e-06, 1e-05, 1e-07, 0.38601487084026725
10000.0, 1, 50, 900, 1e-06, 1e-05, 1e-08, 0.2218876566252073
10000.0, 1, 50, 900, 1e-06, 1e-05, 1e-10, 0.1320901261642478
10000.0, 1, 50, 1000, 1e-06, 1e-05, 1e-06, 0.38057430133694287
10000.0, 1, 50, 1000, 1e-06, 1e-05, 1e-07, 0.3850037810448356
10000.0, 1, 50, 1000, 1e-06, 1e-05, 1e-08, 0.22041792747923586
10000.0, 1, 50, 1000, 1e-06, 1e-05, 1e-10, 0.1362532350257214
10000.0, 1, 75, 100, 1e-06, 1e-05, 1e-06, 0.3596781911937261
10000.0, 1, 75, 100, 1e-06, 1e-05, 1e-07, 0.21588168062975885
10000.0, 1, 75, 100, 1e-06, 1e-05, 1e-08, 0.21064618830698176
10000.0, 1, 75, 100, 1e-06, 1e-05, 1e-10, 0.03200899862262286
10000.0, 1, 75, 200, 1e-06, 1e-05, 1e-06, 0.36185952500854845
10000.0, 1, 75, 200, 1e-06, 1e-05, 1e-07, 0.37956066635696334
10000.0, 1, 75, 200, 1e-06, 1e-05, 1e-08, 0.21335651964177643
10000.0, 1, 75, 200, 1e-06, 1e-05, 1e-10, 0.033773625566219455
10000.0, 1, 75, 300, 1e-06, 1e-05, 1e-06, 0.3474563410508482
10000.0, 1, 75, 300, 1e-06, 1e-05, 1e-07, 0.4402610578482179
10000.0, 1, 75, 300, 1e-06, 1e-05, 1e-08, 0.20120886797451257
10000.0, 1, 75, 300, 1e-06, 1e-05, 1e-10, 0.08225116102614542
10000.0, 1, 75, 400, 1e-06, 1e-05, 1e-06, 0.35173985470799807
10000.0, 1, 75, 400, 1e-06, 1e-05, 1e-07, 0.4094376708204879
10000.0, 1, 75, 400, 1e-06, 1e-05, 1e-08, 0.20950207817628916
10000.0, 1, 75, 400, 1e-06, 1e-05, 1e-10, 0.07518909932292375
10000.0, 1, 75, 500, 1e-06, 1e-05, 1e-06, 0.35844358976361324
10000.0, 1, 75, 500, 1e-06, 1e-05, 1e-07, 0.3791188110968478
10000.0, 1, 75, 500, 1e-06, 1e-05, 1e-08, 0.20819503273293447
10000.0, 1, 75, 500, 1e-06, 1e-05, 1e-10, 0.10305211925766378
10000.0, 1, 75, 600, 1e-06, 1e-05, 1e-06, 0.3579140577159297
10000.0, 1, 75, 600, 1e-06, 1e-05, 1e-07, 0.35786031548567115
10000.0, 1, 75, 600, 1e-06, 1e-05, 1e-08, 0.2109613006064517
10000.0, 1, 75, 600, 1e-06, 1e-05, 1e-10, 0.10072406945172252
10000.0, 1, 75, 700, 1e-06, 1e-05, 1e-06, 0.3577799894465972
10000.0, 1, 75, 700, 1e-06, 1e-05, 1e-07, 0.3518410144463208
10000.0, 1, 75, 700, 1e-06, 1e-05, 1e-08, 0.20614321718300163
10000.0, 1, 75, 700, 1e-06, 1e-05, 1e-10, 0.11249104085831374
10000.0, 1, 75, 800, 1e-06, 1e-05, 1e-06, 0.34774804011197685
10000.0, 1, 75, 800, 1e-06, 1e-05, 1e-07, 0.3581031447979536
10000.0, 1, 75, 800, 1e-06, 1e-05, 1e-08, 0.2137921118306945
10000.0, 1, 75, 800, 1e-06, 1e-05, 1e-10, 0.1314846969016113
10000.0, 1, 75, 900, 1e-06, 1e-05, 1e-06, 0.35638145275366073
10000.0, 1, 75, 900, 1e-06, 1e-05, 1e-07, 0.35991373164386936
10000.0, 1, 75, 900, 1e-06, 1e-05, 1e-08, 0.21910318185096755
10000.0, 1, 75, 900, 1e-06, 1e-05, 1e-10, 0.14414870402052965
10000.0, 1, 75, 1000, 1e-06, 1e-05, 1e-06, 0.35800008761984387
10000.0, 1, 75, 1000, 1e-06, 1e-05, 1e-07, 0.3591289306625731
10000.0, 1, 75, 1000, 1e-06, 1e-05, 1e-08, 0.22012565137341164
10000.0, 1, 75, 1000, 1e-06, 1e-05, 1e-10, 0.16332317018158857
10000.0, 1, 100, 100, 1e-06, 1e-05, 1e-06, 0.30941375755182093
10000.0, 1, 100, 100, 1e-06, 1e-05, 1e-07, 0.22648188069680686
10000.0, 1, 100, 100, 1e-06, 1e-05, 1e-08, 0.21115044848168016
10000.0, 1, 100, 100, 1e-06, 1e-05, 1e-10, 0.044025956580943604
10000.0, 1, 100, 200, 1e-06, 1e-05, 1e-06, 0.33039115188210894
10000.0, 1, 100, 200, 1e-06, 1e-05, 1e-07, 0.39444798059517894
10000.0, 1, 100, 200, 1e-06, 1e-05, 1e-08, 0.20500411576507194
10000.0, 1, 100, 200, 1e-06, 1e-05, 1e-10, 0.040144994744157565
10000.0, 1, 100, 300, 1e-06, 1e-05, 1e-06, 0.32527320560649925
10000.0, 1, 100, 300, 1e-06, 1e-05, 1e-07, 0.43510610983598313
10000.0, 1, 100, 300, 1e-06, 1e-05, 1e-08, 0.21438098047583729
10000.0, 1, 100, 300, 1e-06, 1e-05, 1e-10, 0.0635675673051179
10000.0, 1, 100, 400, 1e-06, 1e-05, 1e-06, 0.33134277729139705
10000.0, 1, 100, 400, 1e-06, 1e-05, 1e-07, 0.41716065937155505
10000.0, 1, 100, 400, 1e-06, 1e-05, 1e-08, 0.20370113150984118
10000.0, 1, 100, 400, 1e-06, 1e-05, 1e-10, 0.06558403408388419
10000.0, 1, 100, 500, 1e-06, 1e-05, 1e-06, 0.32866967095385696
10000.0, 1, 100, 500, 1e-06, 1e-05, 1e-07, 0.35689990432137747
10000.0, 1, 100, 500, 1e-06, 1e-05, 1e-08, 0.2071114785669421
10000.0, 1, 100, 500, 1e-06, 1e-05, 1e-10, 0.11094835264749145
10000.0, 1, 100, 600, 1e-06, 1e-05, 1e-06, 0.31739481494120003
10000.0, 1, 100, 600, 1e-06, 1e-05, 1e-07, 0.3458819980182779
10000.0, 1, 100, 600, 1e-06, 1e-05, 1e-08, 0.20934240939870535
10000.0, 1, 100, 600, 1e-06, 1e-05, 1e-10, 0.11685605960161784
10000.0, 1, 100, 700, 1e-06, 1e-05, 1e-06, 0.3223897510551997
10000.0, 1, 100, 700, 1e-06, 1e-05, 1e-07, 0.31870727132775495
10000.0, 1, 100, 700, 1e-06, 1e-05, 1e-08, 0.21475830223682535
10000.0, 1, 100, 700, 1e-06, 1e-05, 1e-10, 0.12315339044746534
10000.0, 1, 100, 800, 1e-06, 1e-05, 1e-06, 0.3295931516611129
10000.0, 1, 100, 800, 1e-06, 1e-05, 1e-07, 0.32473653333303054
10000.0, 1, 100, 800, 1e-06, 1e-05, 1e-08, 0.21003993592196393
10000.0, 1, 100, 800, 1e-06, 1e-05, 1e-10, 0.1819484731580992
10000.0, 1, 100, 900, 1e-06, 1e-05, 1e-06, 0.33174562777516553
10000.0, 1, 100, 900, 1e-06, 1e-05, 1e-07, 0.32403004265272506
10000.0, 1, 100, 900, 1e-06, 1e-05, 1e-08, 0.21528974672996393
10000.0, 1, 100, 900, 1e-06, 1e-05, 1e-10, 0.16159794707647382
10000.0, 1, 100, 1000, 1e-06, 1e-05, 1e-06, 0.32388103453832495
10000.0, 1, 100, 1000, 1e-06, 1e-05, 1e-07, 0.3173929160725283
10000.0, 1, 100, 1000, 1e-06, 1e-05, 1e-08, 0.21932204776013994
10000.0, 1, 100, 1000, 1e-06, 1e-05, 1e-10, 0.15810091671815069
10000.0, 0.01, 5, 100, 1e-06, 1e-05, 1e-06, 0.37209496426244454
10000.0, 0.01, 5, 100, 1e-06, 1e-05, 1e-07, 0.20781864693283664
10000.0, 0.01, 5, 100, 1e-06, 1e-05, 1e-08, 0.20661232351069123
10000.0, 0.01, 5, 100, 1e-06, 1e-05, 1e-10, 0.039313648031361885
10000.0, 0.01, 5, 200, 1e-06, 1e-05, 1e-06, 0.3777103600453501
10000.0, 0.01, 5, 200, 1e-06, 1e-05, 1e-07, 0.3333521707559035
10000.0, 0.01, 5, 200, 1e-06, 1e-05, 1e-08, 0.2144050749250167
10000.0, 0.01, 5, 200, 1e-06, 1e-05, 1e-10, 0.02229813259066219
10000.0, 0.01, 5, 300, 1e-06, 1e-05, 1e-06, 0.3786139192605432
10000.0, 0.01, 5, 300, 1e-06, 1e-05, 1e-07, 0.35706903780745913
10000.0, 0.01, 5, 300, 1e-06, 1e-05, 1e-08, 0.21273439889239057
10000.0, 0.01, 5, 300, 1e-06, 1e-05, 1e-10, 0.029516738664445884
10000.0, 0.01, 5, 400, 1e-06, 1e-05, 1e-06, 0.373761717278119
10000.0, 0.01, 5, 400, 1e-06, 1e-05, 1e-07, 0.36740534800676683
10000.0, 0.01, 5, 400, 1e-06, 1e-05, 1e-08, 0.2107008965983794
10000.0, 0.01, 5, 400, 1e-06, 1e-05, 1e-10, 0.0476576544664049
10000.0, 0.01, 5, 500, 1e-06, 1e-05, 1e-06, 0.3758179706206525
10000.0, 0.01, 5, 500, 1e-06, 1e-05, 1e-07, 0.3671045003893601
10000.0, 0.01, 5, 500, 1e-06, 1e-05, 1e-08, 0.208368997921286
10000.0, 0.01, 5, 500, 1e-06, 1e-05, 1e-10, 0.02952434583608189
10000.0, 0.01, 5, 600, 1e-06, 1e-05, 1e-06, 0.3699059812894902
10000.0, 0.01, 5, 600, 1e-06, 1e-05, 1e-07, 0.3745691300368975
10000.0, 0.01, 5, 600, 1e-06, 1e-05, 1e-08, 0.20767772766822382
10000.0, 0.01, 5, 600, 1e-06, 1e-05, 1e-10, 0.05262652431896676
10000.0, 0.01, 5, 700, 1e-06, 1e-05, 1e-06, 0.3752958208176057
10000.0, 0.01, 5, 700, 1e-06, 1e-05, 1e-07, 0.3769829745860962
10000.0, 0.01, 5, 700, 1e-06, 1e-05, 1e-08, 0.21142006840989588
10000.0, 0.01, 5, 700, 1e-06, 1e-05, 1e-10, 0.0411289323799781
10000.0, 0.01, 5, 800, 1e-06, 1e-05, 1e-06, 0.362840762306057
10000.0, 0.01, 5, 800, 1e-06, 1e-05, 1e-07, 0.36575258157670903
10000.0, 0.01, 5, 800, 1e-06, 1e-05, 1e-08, 0.2182985310561116
10000.0, 0.01, 5, 800, 1e-06, 1e-05, 1e-10, 0.06251279949647003
10000.0, 0.01, 5, 900, 1e-06, 1e-05, 1e-06, 0.3719124736843633
10000.0, 0.01, 5, 900, 1e-06, 1e-05, 1e-07, 0.37002538553535425
10000.0, 0.01, 5, 900, 1e-06, 1e-05, 1e-08, 0.2141537403681359
10000.0, 0.01, 5, 900, 1e-06, 1e-05, 1e-10, 0.05120942856447668
10000.0, 0.01, 5, 1000, 1e-06, 1e-05, 1e-06, 0.36851833428558745
10000.0, 0.01, 5, 1000, 1e-06, 1e-05, 1e-07, 0.3773204418874172
10000.0, 0.01, 5, 1000, 1e-06, 1e-05, 1e-08, 0.21011288705653144
10000.0, 0.01, 5, 1000, 1e-06, 1e-05, 1e-10, 0.07216750761660191
10000.0, 0.01, 10, 100, 1e-06, 1e-05, 1e-06, 0.41041787958682696
10000.0, 0.01, 10, 100, 1e-06, 1e-05, 1e-07, 0.21272572489429425
10000.0, 0.01, 10, 100, 1e-06, 1e-05, 1e-08, 0.20847510330131783
10000.0, 0.01, 10, 100, 1e-06, 1e-05, 1e-10, 0.04176052860522726
10000.0, 0.01, 10, 200, 1e-06, 1e-05, 1e-06, 0.4115532769115313
10000.0, 0.01, 10, 200, 1e-06, 1e-05, 1e-07, 0.34637360649171023
10000.0, 0.01, 10, 200, 1e-06, 1e-05, 1e-08, 0.21549453960998644
10000.0, 0.01, 10, 200, 1e-06, 1e-05, 1e-10, 0.027865555457924046
10000.0, 0.01, 10, 300, 1e-06, 1e-05, 1e-06, 0.4126316658054759
10000.0, 0.01, 10, 300, 1e-06, 1e-05, 1e-07, 0.3890424539388222
10000.0, 0.01, 10, 300, 1e-06, 1e-05, 1e-08, 0.20766810381008627
10000.0, 0.01, 10, 300, 1e-06, 1e-05, 1e-10, 0.039751907666052626
10000.0, 0.01, 10, 400, 1e-06, 1e-05, 1e-06, 0.4158749798241303
10000.0, 0.01, 10, 400, 1e-06, 1e-05, 1e-07, 0.4038402204657678
10000.0, 0.01, 10, 400, 1e-06, 1e-05, 1e-08, 0.20606227334696992
10000.0, 0.01, 10, 400, 1e-06, 1e-05, 1e-10, 0.03291558755396565
10000.0, 0.01, 10, 500, 1e-06, 1e-05, 1e-06, 0.41275017624398336
10000.0, 0.01, 10, 500, 1e-06, 1e-05, 1e-07, 0.4179223999570586
10000.0, 0.01, 10, 500, 1e-06, 1e-05, 1e-08, 0.2101251979311934
10000.0, 0.01, 10, 500, 1e-06, 1e-05, 1e-10, 0.03792162411412161
10000.0, 0.01, 10, 600, 1e-06, 1e-05, 1e-06, 0.40927662643995544
10000.0, 0.01, 10, 600, 1e-06, 1e-05, 1e-07, 0.4079547262808906
10000.0, 0.01, 10, 600, 1e-06, 1e-05, 1e-08, 0.21880100726113566
10000.0, 0.01, 10, 600, 1e-06, 1e-05, 1e-10, 0.04785540560845071
10000.0, 0.01, 10, 700, 1e-06, 1e-05, 1e-06, 0.41419392633682633
10000.0, 0.01, 10, 700, 1e-06, 1e-05, 1e-07, 0.4067069512509598
10000.0, 0.01, 10, 700, 1e-06, 1e-05, 1e-08, 0.20813667176854692
10000.0, 0.01, 10, 700, 1e-06, 1e-05, 1e-10, 0.05224383370299322
10000.0, 0.01, 10, 800, 1e-06, 1e-05, 1e-06, 0.4091740775386401
10000.0, 0.01, 10, 800, 1e-06, 1e-05, 1e-07, 0.4148768166642875
10000.0, 0.01, 10, 800, 1e-06, 1e-05, 1e-08, 0.20695349224918205
10000.0, 0.01, 10, 800, 1e-06, 1e-05, 1e-10, 0.09124905521289174
10000.0, 0.01, 10, 900, 1e-06, 1e-05, 1e-06, 0.4080093881097844
10000.0, 0.01, 10, 900, 1e-06, 1e-05, 1e-07, 0.4208488450523103
10000.0, 0.01, 10, 900, 1e-06, 1e-05, 1e-08, 0.2100559942926999
10000.0, 0.01, 10, 900, 1e-06, 1e-05, 1e-10, 0.059720534771267694
10000.0, 0.01, 10, 1000, 1e-06, 1e-05, 1e-06, 0.4157168121575115
10000.0, 0.01, 10, 1000, 1e-06, 1e-05, 1e-07, 0.4084801750714291
10000.0, 0.01, 10, 1000, 1e-06, 1e-05, 1e-08, 0.21145336739453988
10000.0, 0.01, 10, 1000, 1e-06, 1e-05, 1e-10, 0.08405908965531429
10000.0, 0.01, 20, 100, 1e-06, 1e-05, 1e-06, 0.43759142295880354
10000.0, 0.01, 20, 100, 1e-06, 1e-05, 1e-07, 0.21882671957813662
10000.0, 0.01, 20, 100, 1e-06, 1e-05, 1e-08, 0.20020741070670875
10000.0, 0.01, 20, 100, 1e-06, 1e-05, 1e-10, 0.03158832506952991
10000.0, 0.01, 20, 200, 1e-06, 1e-05, 1e-06, 0.4331477461395655
10000.0, 0.01, 20, 200, 1e-06, 1e-05, 1e-07, 0.3616987892854923
10000.0, 0.01, 20, 200, 1e-06, 1e-05, 1e-08, 0.20357580258791583
10000.0, 0.01, 20, 200, 1e-06, 1e-05, 1e-10, 0.03511490225383856
10000.0, 0.01, 20, 300, 1e-06, 1e-05, 1e-06, 0.4337839033458297
10000.0, 0.01, 20, 300, 1e-06, 1e-05, 1e-07, 0.413627249608748
10000.0, 0.01, 20, 300, 1e-06, 1e-05, 1e-08, 0.21546908554761696
10000.0, 0.01, 20, 300, 1e-06, 1e-05, 1e-10, 0.030092050431064242
10000.0, 0.01, 20, 400, 1e-06, 1e-05, 1e-06, 0.43545107793233184
10000.0, 0.01, 20, 400, 1e-06, 1e-05, 1e-07, 0.4216299328218937
10000.0, 0.01, 20, 400, 1e-06, 1e-05, 1e-08, 0.20634765761799032
10000.0, 0.01, 20, 400, 1e-06, 1e-05, 1e-10, 0.05006667404145735
10000.0, 0.01, 20, 500, 1e-06, 1e-05, 1e-06, 0.4272369174158231
10000.0, 0.01, 20, 500, 1e-06, 1e-05, 1e-07, 0.4159873036727764
10000.0, 0.01, 20, 500, 1e-06, 1e-05, 1e-08, 0.20930406828694031
10000.0, 0.01, 20, 500, 1e-06, 1e-05, 1e-10, 0.06607458054892237
10000.0, 0.01, 20, 600, 1e-06, 1e-05, 1e-06, 0.4354695809271301
10000.0, 0.01, 20, 600, 1e-06, 1e-05, 1e-07, 0.425046609111898
10000.0, 0.01, 20, 600, 1e-06, 1e-05, 1e-08, 0.21197101229790882
10000.0, 0.01, 20, 600, 1e-06, 1e-05, 1e-10, 0.05980700880171179
10000.0, 0.01, 20, 700, 1e-06, 1e-05, 1e-06, 0.4390538826445988
10000.0, 0.01, 20, 700, 1e-06, 1e-05, 1e-07, 0.4275297228237869
10000.0, 0.01, 20, 700, 1e-06, 1e-05, 1e-08, 0.2152229212385814
10000.0, 0.01, 20, 700, 1e-06, 1e-05, 1e-10, 0.08421150554057617
10000.0, 0.01, 20, 800, 1e-06, 1e-05, 1e-06, 0.4298554139367665
10000.0, 0.01, 20, 800, 1e-06, 1e-05, 1e-07, 0.4245195784465751
10000.0, 0.01, 20, 800, 1e-06, 1e-05, 1e-08, 0.21197029000463286
10000.0, 0.01, 20, 800, 1e-06, 1e-05, 1e-10, 0.08590091525789127
10000.0, 0.01, 20, 900, 1e-06, 1e-05, 1e-06, 0.4289868667044958
10000.0, 0.01, 20, 900, 1e-06, 1e-05, 1e-07, 0.42869019940814457
10000.0, 0.01, 20, 900, 1e-06, 1e-05, 1e-08, 0.2153268478741151
10000.0, 0.01, 20, 900, 1e-06, 1e-05, 1e-10, 0.061192899689748524
10000.0, 0.01, 20, 1000, 1e-06, 1e-05, 1e-06, 0.43239060238060495
10000.0, 0.01, 20, 1000, 1e-06, 1e-05, 1e-07, 0.43705594289587957
10000.0, 0.01, 20, 1000, 1e-06, 1e-05, 1e-08, 0.22138853047756943
10000.0, 0.01, 20, 1000, 1e-06, 1e-05, 1e-10, 0.11020709316926323
10000.0, 0.01, 50, 100, 1e-06, 1e-05, 1e-06, 0.3830075059792244
10000.0, 0.01, 50, 100, 1e-06, 1e-05, 1e-07, 0.2214750380854952
10000.0, 0.01, 50, 100, 1e-06, 1e-05, 1e-08, 0.20456320983859544
10000.0, 0.01, 50, 100, 1e-06, 1e-05, 1e-10, 0.035071931138548236
10000.0, 0.01, 50, 200, 1e-06, 1e-05, 1e-06, 0.3915626618545035
10000.0, 0.01, 50, 200, 1e-06, 1e-05, 1e-07, 0.37563055187857647
10000.0, 0.01, 50, 200, 1e-06, 1e-05, 1e-08, 0.21533644539432495
10000.0, 0.01, 50, 200, 1e-06, 1e-05, 1e-10, 0.05737094539670527
10000.0, 0.01, 50, 300, 1e-06, 1e-05, 1e-06, 0.38662962026281283
10000.0, 0.01, 50, 300, 1e-06, 1e-05, 1e-07, 0.43023873998840956
10000.0, 0.01, 50, 300, 1e-06, 1e-05, 1e-08, 0.20825618389186717
10000.0, 0.01, 50, 300, 1e-06, 1e-05, 1e-10, 0.05912629600442301
10000.0, 0.01, 50, 400, 1e-06, 1e-05, 1e-06, 0.388547460899327
10000.0, 0.01, 50, 400, 1e-06, 1e-05, 1e-07, 0.4233848594215963
10000.0, 0.01, 50, 400, 1e-06, 1e-05, 1e-08, 0.20944188243872597
10000.0, 0.01, 50, 400, 1e-06, 1e-05, 1e-10, 0.07413783083377554
10000.0, 0.01, 50, 500, 1e-06, 1e-05, 1e-06, 0.3787175830932154
10000.0, 0.01, 50, 500, 1e-06, 1e-05, 1e-07, 0.3911206027163777
10000.0, 0.01, 50, 500, 1e-06, 1e-05, 1e-08, 0.2119377911217661
10000.0, 0.01, 50, 500, 1e-06, 1e-05, 1e-10, 0.06561215922378397
10000.0, 0.01, 50, 600, 1e-06, 1e-05, 1e-06, 0.38760981452261606
10000.0, 0.01, 50, 600, 1e-06, 1e-05, 1e-07, 0.3772431492605557
10000.0, 0.01, 50, 600, 1e-06, 1e-05, 1e-08, 0.20689856120669003
10000.0, 0.01, 50, 600, 1e-06, 1e-05, 1e-10, 0.09646998259078611
10000.0, 0.01, 50, 700, 1e-06, 1e-05, 1e-06, 0.3854316747909725
10000.0, 0.01, 50, 700, 1e-06, 1e-05, 1e-07, 0.3764760825414656
10000.0, 0.01, 50, 700, 1e-06, 1e-05, 1e-08, 0.20521790325003034
10000.0, 0.01, 50, 700, 1e-06, 1e-05, 1e-10, 0.10252872364487958
10000.0, 0.01, 50, 800, 1e-06, 1e-05, 1e-06, 0.38054091849456884
10000.0, 0.01, 50, 800, 1e-06, 1e-05, 1e-07, 0.3920900982311744
10000.0, 0.01, 50, 800, 1e-06, 1e-05, 1e-08, 0.21555669088034304
10000.0, 0.01, 50, 800, 1e-06, 1e-05, 1e-10, 0.11514082174047668
10000.0, 0.01, 50, 900, 1e-06, 1e-05, 1e-06, 0.3854574405911658
10000.0, 0.01, 50, 900, 1e-06, 1e-05, 1e-07, 0.3833398607915514
10000.0, 0.01, 50, 900, 1e-06, 1e-05, 1e-08, 0.21623289859115613
10000.0, 0.01, 50, 900, 1e-06, 1e-05, 1e-10, 0.14258124831365862
10000.0, 0.01, 50, 1000, 1e-06, 1e-05, 1e-06, 0.38091085208256625
10000.0, 0.01, 50, 1000, 1e-06, 1e-05, 1e-07, 0.3843426438001436
10000.0, 0.01, 50, 1000, 1e-06, 1e-05, 1e-08, 0.21457115221789688
10000.0, 0.01, 50, 1000, 1e-06, 1e-05, 1e-10, 0.12951540552071825
10000.0, 0.01, 75, 100, 1e-06, 1e-05, 1e-06, 0.35405397642145975
10000.0, 0.01, 75, 100, 1e-06, 1e-05, 1e-07, 0.22170701511763696
10000.0, 0.01, 75, 100, 1e-06, 1e-05, 1e-08, 0.2113222404307901
10000.0, 0.01, 75, 100, 1e-06, 1e-05, 1e-10, 0.036805769523595315
10000.0, 0.01, 75, 200, 1e-06, 1e-05, 1e-06, 0.3567524282029676
10000.0, 0.01, 75, 200, 1e-06, 1e-05, 1e-07, 0.38100469623719346
10000.0, 0.01, 75, 200, 1e-06, 1e-05, 1e-08, 0.2157023495486757
10000.0, 0.01, 75, 200, 1e-06, 1e-05, 1e-10, 0.03927953327683761
10000.0, 0.01, 75, 300, 1e-06, 1e-05, 1e-06, 0.35309068072094396
10000.0, 0.01, 75, 300, 1e-06, 1e-05, 1e-07, 0.4382187736376279
10000.0, 0.01, 75, 300, 1e-06, 1e-05, 1e-08, 0.20877722255104217
10000.0, 0.01, 75, 300, 1e-06, 1e-05, 1e-10, 0.06211741796766356
10000.0, 0.01, 75, 400, 1e-06, 1e-05, 1e-06, 0.35730116133258943
10000.0, 0.01, 75, 400, 1e-06, 1e-05, 1e-07, 0.4112539143968883
10000.0, 0.01, 75, 400, 1e-06, 1e-05, 1e-08, 0.21664997642657752
10000.0, 0.01, 75, 400, 1e-06, 1e-05, 1e-10, 0.06075487909694333
10000.0, 0.01, 75, 500, 1e-06, 1e-05, 1e-06, 0.3611519356079883
10000.0, 0.01, 75, 500, 1e-06, 1e-05, 1e-07, 0.371067031979196
10000.0, 0.01, 75, 500, 1e-06, 1e-05, 1e-08, 0.20866058770482
10000.0, 0.01, 75, 500, 1e-06, 1e-05, 1e-10, 0.08113087090634535
10000.0, 0.01, 75, 600, 1e-06, 1e-05, 1e-06, 0.3470905569004716
10000.0, 0.01, 75, 600, 1e-06, 1e-05, 1e-07, 0.35902333714679563
10000.0, 0.01, 75, 600, 1e-06, 1e-05, 1e-08, 0.21105959687457587
10000.0, 0.01, 75, 600, 1e-06, 1e-05, 1e-10, 0.09881017891019994
10000.0, 0.01, 75, 700, 1e-06, 1e-05, 1e-06, 0.3509302376428488
10000.0, 0.01, 75, 700, 1e-06, 1e-05, 1e-07, 0.352787165852706
10000.0, 0.01, 75, 700, 1e-06, 1e-05, 1e-08, 0.21671694727787652
10000.0, 0.01, 75, 700, 1e-06, 1e-05, 1e-10, 0.13770312998939507
10000.0, 0.01, 75, 800, 1e-06, 1e-05, 1e-06, 0.357543742265346
10000.0, 0.01, 75, 800, 1e-06, 1e-05, 1e-07, 0.34612980413341643
10000.0, 0.01, 75, 800, 1e-06, 1e-05, 1e-08, 0.2104308696274033
10000.0, 0.01, 75, 800, 1e-06, 1e-05, 1e-10, 0.16872006645244525
10000.0, 0.01, 75, 900, 1e-06, 1e-05, 1e-06, 0.35187959546661
10000.0, 0.01, 75, 900, 1e-06, 1e-05, 1e-07, 0.35590607637808097
10000.0, 0.01, 75, 900, 1e-06, 1e-05, 1e-08, 0.2194181365780127
10000.0, 0.01, 75, 900, 1e-06, 1e-05, 1e-10, 0.1446668689185315
10000.0, 0.01, 75, 1000, 1e-06, 1e-05, 1e-06, 0.34930138953236906
10000.0, 0.01, 75, 1000, 1e-06, 1e-05, 1e-07, 0.3558742574870528
10000.0, 0.01, 75, 1000, 1e-06, 1e-05, 1e-08, 0.22225986181981724
10000.0, 0.01, 75, 1000, 1e-06, 1e-05, 1e-10, 0.16409072383335613
10000.0, 0.01, 100, 100, 1e-06, 1e-05, 1e-06, 0.31785836681837804
10000.0, 0.01, 100, 100, 1e-06, 1e-05, 1e-07, 0.23041505604605214
10000.0, 0.01, 100, 100, 1e-06, 1e-05, 1e-08, 0.21554051086317108
10000.0, 0.01, 100, 100, 1e-06, 1e-05, 1e-10, 0.0336528323883089
10000.0, 0.01, 100, 200, 1e-06, 1e-05, 1e-06, 0.32947118195354486
10000.0, 0.01, 100, 200, 1e-06, 1e-05, 1e-07, 0.3886240767934956
10000.0, 0.01, 100, 200, 1e-06, 1e-05, 1e-08, 0.21057861481802823
10000.0, 0.01, 100, 200, 1e-06, 1e-05, 1e-10, 0.04764090484788612
10000.0, 0.01, 100, 300, 1e-06, 1e-05, 1e-06, 0.3200464257454962
10000.0, 0.01, 100, 300, 1e-06, 1e-05, 1e-07, 0.4347956250951839
10000.0, 0.01, 100, 300, 1e-06, 1e-05, 1e-08, 0.20857809611041941
10000.0, 0.01, 100, 300, 1e-06, 1e-05, 1e-10, 0.0645804887901687
10000.0, 0.01, 100, 400, 1e-06, 1e-05, 1e-06, 0.321797206183267
10000.0, 0.01, 100, 400, 1e-06, 1e-05, 1e-07, 0.39874222302859785
10000.0, 0.01, 100, 400, 1e-06, 1e-05, 1e-08, 0.21123778388357048
10000.0, 0.01, 100, 400, 1e-06, 1e-05, 1e-10, 0.08148318673755992
10000.0, 0.01, 100, 500, 1e-06, 1e-05, 1e-06, 0.3268981853332708
10000.0, 0.01, 100, 500, 1e-06, 1e-05, 1e-07, 0.35500871179861443
10000.0, 0.01, 100, 500, 1e-06, 1e-05, 1e-08, 0.2190719757090529
10000.0, 0.01, 100, 500, 1e-06, 1e-05, 1e-10, 0.11042164532159292
10000.0, 0.01, 100, 600, 1e-06, 1e-05, 1e-06, 0.32283550325658644
10000.0, 0.01, 100, 600, 1e-06, 1e-05, 1e-07, 0.3251450311122575
10000.0, 0.01, 100, 600, 1e-06, 1e-05, 1e-08, 0.20756822410671194
10000.0, 0.01, 100, 600, 1e-06, 1e-05, 1e-10, 0.1292926931297192
10000.0, 0.01, 100, 700, 1e-06, 1e-05, 1e-06, 0.3229425889931372
10000.0, 0.01, 100, 700, 1e-06, 1e-05, 1e-07, 0.33392048309157524
10000.0, 0.01, 100, 700, 1e-06, 1e-05, 1e-08, 0.20995392828007237
10000.0, 0.01, 100, 700, 1e-06, 1e-05, 1e-10, 0.14901723313780635
10000.0, 0.01, 100, 800, 1e-06, 1e-05, 1e-06, 0.31916555469687496
10000.0, 0.01, 100, 800, 1e-06, 1e-05, 1e-07, 0.33102493901148106
10000.0, 0.01, 100, 800, 1e-06, 1e-05, 1e-08, 0.2188412129054993
10000.0, 0.01, 100, 800, 1e-06, 1e-05, 1e-10, 0.1569439055232386
10000.0, 0.01, 100, 900, 1e-06, 1e-05, 1e-06, 0.32200148619650576
10000.0, 0.01, 100, 900, 1e-06, 1e-05, 1e-07, 0.3283784726704771
10000.0, 0.01, 100, 900, 1e-06, 1e-05, 1e-08, 0.21487535048165982
10000.0, 0.01, 100, 900, 1e-06, 1e-05, 1e-10, 0.16701804510612436
10000.0, 0.01, 100, 1000, 1e-06, 1e-05, 1e-06, 0.32690900535483414
10000.0, 0.01, 100, 1000, 1e-06, 1e-05, 1e-07, 0.32394296012982704
10000.0, 0.01, 100, 1000, 1e-06, 1e-05, 1e-08, 0.22367009890055908
10000.0, 0.01, 100, 1000, 1e-06, 1e-05, 1e-10, 0.16604797007592703
10000.0, 0.0001, 5, 100, 1e-06, 1e-05, 1e-06, 0.3673570745189701
10000.0, 0.0001, 5, 100, 1e-06, 1e-05, 1e-07, 0.21473598826391452
10000.0, 0.0001, 5, 100, 1e-06, 1e-05, 1e-08, 0.19865282599838105
10000.0, 0.0001, 5, 100, 1e-06, 1e-05, 1e-10, 0.034696426220465516
10000.0, 0.0001, 5, 200, 1e-06, 1e-05, 1e-06, 0.3649401223699598
10000.0, 0.0001, 5, 200, 1e-06, 1e-05, 1e-07, 0.34311599759401723
10000.0, 0.0001, 5, 200, 1e-06, 1e-05, 1e-08, 0.20876094422960734
10000.0, 0.0001, 5, 200, 1e-06, 1e-05, 1e-10, 0.038811623461250305
10000.0, 0.0001, 5, 300, 1e-06, 1e-05, 1e-06, 0.3674818523694361
10000.0, 0.0001, 5, 300, 1e-06, 1e-05, 1e-07, 0.36001001262266763
10000.0, 0.0001, 5, 300, 1e-06, 1e-05, 1e-08, 0.21277017912493107
10000.0, 0.0001, 5, 300, 1e-06, 1e-05, 1e-10, 0.040015001004366293
10000.0, 0.0001, 5, 400, 1e-06, 1e-05, 1e-06, 0.37132190648635877
10000.0, 0.0001, 5, 400, 1e-06, 1e-05, 1e-07, 0.37314494831371886
10000.0, 0.0001, 5, 400, 1e-06, 1e-05, 1e-08, 0.20793221997829017
10000.0, 0.0001, 5, 400, 1e-06, 1e-05, 1e-10, 0.052143534944953815
10000.0, 0.0001, 5, 500, 1e-06, 1e-05, 1e-06, 0.37086346364316775
10000.0, 0.0001, 5, 500, 1e-06, 1e-05, 1e-07, 0.3632795089198276
10000.0, 0.0001, 5, 500, 1e-06, 1e-05, 1e-08, 0.21186514965451947
10000.0, 0.0001, 5, 500, 1e-06, 1e-05, 1e-10, 0.037815277927190756
10000.0, 0.0001, 5, 600, 1e-06, 1e-05, 1e-06, 0.37047404993029237
10000.0, 0.0001, 5, 600, 1e-06, 1e-05, 1e-07, 0.3640660171553325
10000.0, 0.0001, 5, 600, 1e-06, 1e-05, 1e-08, 0.20800996115680992
10000.0, 0.0001, 5, 600, 1e-06, 1e-05, 1e-10, 0.03757534126198835
10000.0, 0.0001, 5, 700, 1e-06, 1e-05, 1e-06, 0.37830098794344225
10000.0, 0.0001, 5, 700, 1e-06, 1e-05, 1e-07, 0.368593974526855
10000.0, 0.0001, 5, 700, 1e-06, 1e-05, 1e-08, 0.2173352451108542
10000.0, 0.0001, 5, 700, 1e-06, 1e-05, 1e-10, 0.044988087763471206
10000.0, 0.0001, 5, 800, 1e-06, 1e-05, 1e-06, 0.3779862828269665
10000.0, 0.0001, 5, 800, 1e-06, 1e-05, 1e-07, 0.3738611212817203
10000.0, 0.0001, 5, 800, 1e-06, 1e-05, 1e-08, 0.2125052848085574
10000.0, 0.0001, 5, 800, 1e-06, 1e-05, 1e-10, 0.047060825123736834
10000.0, 0.0001, 5, 900, 1e-06, 1e-05, 1e-06, 0.3710087375519738
10000.0, 0.0001, 5, 900, 1e-06, 1e-05, 1e-07, 0.37454417269930274
10000.0, 0.0001, 5, 900, 1e-06, 1e-05, 1e-08, 0.21329390891826766
10000.0, 0.0001, 5, 900, 1e-06, 1e-05, 1e-10, 0.04078695386382681
10000.0, 0.0001, 5, 1000, 1e-06, 1e-05, 1e-06, 0.3715842329912863
10000.0, 0.0001, 5, 1000, 1e-06, 1e-05, 1e-07, 0.37030148794018525
10000.0, 0.0001, 5, 1000, 1e-06, 1e-05, 1e-08, 0.21694284440064446
10000.0, 0.0001, 5, 1000, 1e-06, 1e-05, 1e-10, 0.05896930276950765
10000.0, 0.0001, 10, 100, 1e-06, 1e-05, 1e-06, 0.4183678460436442
10000.0, 0.0001, 10, 100, 1e-06, 1e-05, 1e-07, 0.2210621404969657
10000.0, 0.0001, 10, 100, 1e-06, 1e-05, 1e-08, 0.2177909596575401
10000.0, 0.0001, 10, 100, 1e-06, 1e-05, 1e-10, 0.03271437402574689
10000.0, 0.0001, 10, 200, 1e-06, 1e-05, 1e-06, 0.4110192644351948
10000.0, 0.0001, 10, 200, 1e-06, 1e-05, 1e-07, 0.3555722813674729
10000.0, 0.0001, 10, 200, 1e-06, 1e-05, 1e-08, 0.21165766588924562
10000.0, 0.0001, 10, 200, 1e-06, 1e-05, 1e-10, 0.023293106962180503
10000.0, 0.0001, 10, 300, 1e-06, 1e-05, 1e-06, 0.41490438448026007
10000.0, 0.0001, 10, 300, 1e-06, 1e-05, 1e-07, 0.40004504141084246
10000.0, 0.0001, 10, 300, 1e-06, 1e-05, 1e-08, 0.20786183229995495
10000.0, 0.0001, 10, 300, 1e-06, 1e-05, 1e-10, 0.03418268569502981
10000.0, 0.0001, 10, 400, 1e-06, 1e-05, 1e-06, 0.4098571932412249
10000.0, 0.0001, 10, 400, 1e-06, 1e-05, 1e-07, 0.41524316978433357
10000.0, 0.0001, 10, 400, 1e-06, 1e-05, 1e-08, 0.20790340362709167
10000.0, 0.0001, 10, 400, 1e-06, 1e-05, 1e-10, 0.031350510509715636
10000.0, 0.0001, 10, 500, 1e-06, 1e-05, 1e-06, 0.41033172949931546
10000.0, 0.0001, 10, 500, 1e-06, 1e-05, 1e-07, 0.41429793102064977
10000.0, 0.0001, 10, 500, 1e-06, 1e-05, 1e-08, 0.21615988525670743
10000.0, 0.0001, 10, 500, 1e-06, 1e-05, 1e-10, 0.06167272955664688
10000.0, 0.0001, 10, 600, 1e-06, 1e-05, 1e-06, 0.41034673852594156
10000.0, 0.0001, 10, 600, 1e-06, 1e-05, 1e-07, 0.4066685062704349
10000.0, 0.0001, 10, 600, 1e-06, 1e-05, 1e-08, 0.21575495573788897
10000.0, 0.0001, 10, 600, 1e-06, 1e-05, 1e-10, 0.0384090434576949
10000.0, 0.0001, 10, 700, 1e-06, 1e-05, 1e-06, 0.4115439766399782
10000.0, 0.0001, 10, 700, 1e-06, 1e-05, 1e-07, 0.3993529942838963
10000.0, 0.0001, 10, 700, 1e-06, 1e-05, 1e-08, 0.21266236610429315
10000.0, 0.0001, 10, 700, 1e-06, 1e-05, 1e-10, 0.04626660456995659
10000.0, 0.0001, 10, 800, 1e-06, 1e-05, 1e-06, 0.41775105020087383
10000.0, 0.0001, 10, 800, 1e-06, 1e-05, 1e-07, 0.40717819736010374
10000.0, 0.0001, 10, 800, 1e-06, 1e-05, 1e-08, 0.21108984303392675
10000.0, 0.0001, 10, 800, 1e-06, 1e-05, 1e-10, 0.06724899093706535
10000.0, 0.0001, 10, 900, 1e-06, 1e-05, 1e-06, 0.4166888659325713
10000.0, 0.0001, 10, 900, 1e-06, 1e-05, 1e-07, 0.4073235397897891
10000.0, 0.0001, 10, 900, 1e-06, 1e-05, 1e-08, 0.20836874878402223
10000.0, 0.0001, 10, 900, 1e-06, 1e-05, 1e-10, 0.11100170832290211
10000.0, 0.0001, 10, 1000, 1e-06, 1e-05, 1e-06, 0.4166622330150948
10000.0, 0.0001, 10, 1000, 1e-06, 1e-05, 1e-07, 0.40600234999059326
10000.0, 0.0001, 10, 1000, 1e-06, 1e-05, 1e-08, 0.20664598900238365
10000.0, 0.0001, 10, 1000, 1e-06, 1e-05, 1e-10, 0.0721990118350702
10000.0, 0.0001, 20, 100, 1e-06, 1e-05, 1e-06, 0.424239590571562
10000.0, 0.0001, 20, 100, 1e-06, 1e-05, 1e-07, 0.20345213517628913
10000.0, 0.0001, 20, 100, 1e-06, 1e-05, 1e-08, 0.1992551415133156
10000.0, 0.0001, 20, 100, 1e-06, 1e-05, 1e-10, 0.03541742538889844
10000.0, 0.0001, 20, 200, 1e-06, 1e-05, 1e-06, 0.4301050085329197
10000.0, 0.0001, 20, 200, 1e-06, 1e-05, 1e-07, 0.36083570860667985
10000.0, 0.0001, 20, 200, 1e-06, 1e-05, 1e-08, 0.21420332938381487
10000.0, 0.0001, 20, 200, 1e-06, 1e-05, 1e-10, 0.03148885865783659
10000.0, 0.0001, 20, 300, 1e-06, 1e-05, 1e-06, 0.42274720577885977
10000.0, 0.0001, 20, 300, 1e-06, 1e-05, 1e-07, 0.4148747106762018
10000.0, 0.0001, 20, 300, 1e-06, 1e-05, 1e-08, 0.20938309482489637
10000.0, 0.0001, 20, 300, 1e-06, 1e-05, 1e-10, 0.03627237177693233
10000.0, 0.0001, 20, 400, 1e-06, 1e-05, 1e-06, 0.4343166858444014
10000.0, 0.0001, 20, 400, 1e-06, 1e-05, 1e-07, 0.42857719944363365
10000.0, 0.0001, 20, 400, 1e-06, 1e-05, 1e-08, 0.20513069049297045
10000.0, 0.0001, 20, 400, 1e-06, 1e-05, 1e-10, 0.04731889135720242
10000.0, 0.0001, 20, 500, 1e-06, 1e-05, 1e-06, 0.43824231310928374
10000.0, 0.0001, 20, 500, 1e-06, 1e-05, 1e-07, 0.42599854607450693
10000.0, 0.0001, 20, 500, 1e-06, 1e-05, 1e-08, 0.21161131124234245
10000.0, 0.0001, 20, 500, 1e-06, 1e-05, 1e-10, 0.063840698114388
10000.0, 0.0001, 20, 600, 1e-06, 1e-05, 1e-06, 0.427965249614291
10000.0, 0.0001, 20, 600, 1e-06, 1e-05, 1e-07, 0.41914811491894033
10000.0, 0.0001, 20, 600, 1e-06, 1e-05, 1e-08, 0.21562790956371733
10000.0, 0.0001, 20, 600, 1e-06, 1e-05, 1e-10, 0.05908384982933602
10000.0, 0.0001, 20, 700, 1e-06, 1e-05, 1e-06, 0.43647993591765566
10000.0, 0.0001, 20, 700, 1e-06, 1e-05, 1e-07, 0.4258782342542699
10000.0, 0.0001, 20, 700, 1e-06, 1e-05, 1e-08, 0.20442350984290844
10000.0, 0.0001, 20, 700, 1e-06, 1e-05, 1e-10, 0.08437268209599622
10000.0, 0.0001, 20, 800, 1e-06, 1e-05, 1e-06, 0.4230683021668205
10000.0, 0.0001, 20, 800, 1e-06, 1e-05, 1e-07, 0.42617667230461714
10000.0, 0.0001, 20, 800, 1e-06, 1e-05, 1e-08, 0.21372278154216812
10000.0, 0.0001, 20, 800, 1e-06, 1e-05, 1e-10, 0.06990423010974571
10000.0, 0.0001, 20, 900, 1e-06, 1e-05, 1e-06, 0.43227855035131585
10000.0, 0.0001, 20, 900, 1e-06, 1e-05, 1e-07, 0.425643705253339
10000.0, 0.0001, 20, 900, 1e-06, 1e-05, 1e-08, 0.21102096030906375
10000.0, 0.0001, 20, 900, 1e-06, 1e-05, 1e-10, 0.08312282347513988
10000.0, 0.0001, 20, 1000, 1e-06, 1e-05, 1e-06, 0.4410998612167761
10000.0, 0.0001, 20, 1000, 1e-06, 1e-05, 1e-07, 0.43093271808012473
10000.0, 0.0001, 20, 1000, 1e-06, 1e-05, 1e-08, 0.20516617224652203
10000.0, 0.0001, 20, 1000, 1e-06, 1e-05, 1e-10, 0.08775611345342696
10000.0, 0.0001, 50, 100, 1e-06, 1e-05, 1e-06, 0.3893323977729081
10000.0, 0.0001, 50, 100, 1e-06, 1e-05, 1e-07, 0.21904182779756842
10000.0, 0.0001, 50, 100, 1e-06, 1e-05, 1e-08, 0.20975098789857152
10000.0, 0.0001, 50, 100, 1e-06, 1e-05, 1e-10, 0.03753025600894608
10000.0, 0.0001, 50, 200, 1e-06, 1e-05, 1e-06, 0.3845503721292267
10000.0, 0.0001, 50, 200, 1e-06, 1e-05, 1e-07, 0.36636424896373143
10000.0, 0.0001, 50, 200, 1e-06, 1e-05, 1e-08, 0.2111049223937674
10000.0, 0.0001, 50, 200, 1e-06, 1e-05, 1e-10, 0.040339675441047405
10000.0, 0.0001, 50, 300, 1e-06, 1e-05, 1e-06, 0.3801930763944016
10000.0, 0.0001, 50, 300, 1e-06, 1e-05, 1e-07, 0.4301753817058986
10000.0, 0.0001, 50, 300, 1e-06, 1e-05, 1e-08, 0.21041699745300335
10000.0, 0.0001, 50, 300, 1e-06, 1e-05, 1e-10, 0.047183607917542725
10000.0, 0.0001, 50, 400, 1e-06, 1e-05, 1e-06, 0.38082873407904777
10000.0, 0.0001, 50, 400, 1e-06, 1e-05, 1e-07, 0.4187948477970949
10000.0, 0.0001, 50, 400, 1e-06, 1e-05, 1e-08, 0.21475873428124154
10000.0, 0.0001, 50, 400, 1e-06, 1e-05, 1e-10, 0.05659300457527648
10000.0, 0.0001, 50, 500, 1e-06, 1e-05, 1e-06, 0.38853761965050143
10000.0, 0.0001, 50, 500, 1e-06, 1e-05, 1e-07, 0.3861869708930506
10000.0, 0.0001, 50, 500, 1e-06, 1e-05, 1e-08, 0.21155246539979553
10000.0, 0.0001, 50, 500, 1e-06, 1e-05, 1e-10, 0.06576141297948244
10000.0, 0.0001, 50, 600, 1e-06, 1e-05, 1e-06, 0.38446464476106984
10000.0, 0.0001, 50, 600, 1e-06, 1e-05, 1e-07, 0.38738567649520766
10000.0, 0.0001, 50, 600, 1e-06, 1e-05, 1e-08, 0.21335588764177446
10000.0, 0.0001, 50, 600, 1e-06, 1e-05, 1e-10, 0.07796699199078339
10000.0, 0.0001, 50, 700, 1e-06, 1e-05, 1e-06, 0.38258191214636295
10000.0, 0.0001, 50, 700, 1e-06, 1e-05, 1e-07, 0.38886571132256204
10000.0, 0.0001, 50, 700, 1e-06, 1e-05, 1e-08, 0.21218521783147934
10000.0, 0.0001, 50, 700, 1e-06, 1e-05, 1e-10, 0.10010922536979497
10000.0, 0.0001, 50, 800, 1e-06, 1e-05, 1e-06, 0.3920732162663305
10000.0, 0.0001, 50, 800, 1e-06, 1e-05, 1e-07, 0.3941493644044951
10000.0, 0.0001, 50, 800, 1e-06, 1e-05, 1e-08, 0.21370212355735768
10000.0, 0.0001, 50, 800, 1e-06, 1e-05, 1e-10, 0.12569078301299988
10000.0, 0.0001, 50, 900, 1e-06, 1e-05, 1e-06, 0.39194594287252177
10000.0, 0.0001, 50, 900, 1e-06, 1e-05, 1e-07, 0.38325193651263495
10000.0, 0.0001, 50, 900, 1e-06, 1e-05, 1e-08, 0.21516504128938443
10000.0, 0.0001, 50, 900, 1e-06, 1e-05, 1e-10, 0.13871860844568315
10000.0, 0.0001, 50, 1000, 1e-06, 1e-05, 1e-06, 0.3876131191380806
10000.0, 0.0001, 50, 1000, 1e-06, 1e-05, 1e-07, 0.37532200671180455
10000.0, 0.0001, 50, 1000, 1e-06, 1e-05, 1e-08, 0.22261224665312063
10000.0, 0.0001, 50, 1000, 1e-06, 1e-05, 1e-10, 0.1430611232230979
10000.0, 0.0001, 75, 100, 1e-06, 1e-05, 1e-06, 0.35153508304148917
10000.0, 0.0001, 75, 100, 1e-06, 1e-05, 1e-07, 0.22480635965473533
10000.0, 0.0001, 75, 100, 1e-06, 1e-05, 1e-08, 0.2157135112577537
10000.0, 0.0001, 75, 100, 1e-06, 1e-05, 1e-10, 0.03435817962635575
10000.0, 0.0001, 75, 200, 1e-06, 1e-05, 1e-06, 0.3551117539201367
10000.0, 0.0001, 75, 200, 1e-06, 1e-05, 1e-07, 0.383193401126791
10000.0, 0.0001, 75, 200, 1e-06, 1e-05, 1e-08, 0.2246214455579838
10000.0, 0.0001, 75, 200, 1e-06, 1e-05, 1e-10, 0.0542800708804817
10000.0, 0.0001, 75, 300, 1e-06, 1e-05, 1e-06, 0.3481595951963162
10000.0, 0.0001, 75, 300, 1e-06, 1e-05, 1e-07, 0.44110276304909257
10000.0, 0.0001, 75, 300, 1e-06, 1e-05, 1e-08, 0.2105879113599039
10000.0, 0.0001, 75, 300, 1e-06, 1e-05, 1e-10, 0.058593252643635976
10000.0, 0.0001, 75, 400, 1e-06, 1e-05, 1e-06, 0.35572684473506083
10000.0, 0.0001, 75, 400, 1e-06, 1e-05, 1e-07, 0.4244651844461686
10000.0, 0.0001, 75, 400, 1e-06, 1e-05, 1e-08, 0.20712769992918595
