alpha, beta, latent_features, learning_rate, percent_zeros, NDCG
100000, 1e-09, 500, 0.5, 1e-09, 0.504062659749296
1000000, 1e-10, 50, 0.5, 1e-10, 0.4971675221162029
10000000, 0.001, 300, 2, 1e-11, 0.5030394402471374
10000000, 1e-09, 200, 0.5, 1e-11, 0.4998529851618263
1000000000, 1e-09, 300, 0.5, 1e-13, 0.4982750390931043
1000000, 1e-10, 400, 1, 1e-10, 0.49948982847134366
100000000, 1e-08, 200, 1, 1e-12, 0.5026060832499356
1000000000, 1e-07, 500, 1, 1e-13, 0.4987952347569399
1000000000, 1e-06, 300, 0.5, 1e-13, 0.5044201211328317
1000000, 1e-08, 500, 1, 1e-10, 0.5016634683408236
1000000000, 0.0001, 500, 2, 1e-13, 0.5011474446060056
1000000000, 1e-09, 400, 1, 1e-13, 0.5042230066727728
100000, 1e-08, 500, 1, 1e-09, 0.4967538488188462
10000000, 0.0001, 50, 0.5, 1e-11, 0.4940174707145745
10000, 1e-09, 300, 1, 1e-08, 0.5061144249072748
1000000, 0.0001, 50, 2, 1e-10, 0.4928670055653418
100000000, 1e-06, 400, 1, 1e-12, 0.5053997117454682
1000000, 1e-06, 300, 1, 1e-10, 0.5056988058952174
1000000, 1e-10, 300, 2, 1e-10, 0.5052808347102467
10000, 1e-07, 50, 2, 1e-08, 0.49765305742867894
10000, 0.0001, 400, 2, 1e-08, 0.5021929526026642
10000, 1e-10, 400, 1, 1e-08, 0.5051269164899732
10000000, 1e-09, 50, 0.5, 1e-11, 0.4931658579202229
100000000, 1e-08, 300, 1, 1e-12, 0.502260537108196
10000000, 0.0001, 400, 0.5, 1e-11, 0.5004082438729094
10000, 0.0001, 500, 0.5, 1e-08, 0.5027140221156042
10000, 1e-06, 50, 1, 1e-08, 0.4945247802650583
10000000, 1e-05, 400, 1, 1e-11, 0.5026703549947038
10000000, 0.001, 500, 2, 1e-11, 0.5001729713422894
1000000, 1e-08, 100, 1, 1e-10, 0.4989304281715005
1000000000, 0.0001, 200, 1, 1e-13, 0.4958317791288137
1000000000, 1e-07, 50, 2, 1e-13, 0.49922035825823674
1000000, 0.0001, 50, 1, 1e-10, 0.49263002100966596
1000000, 1e-06, 300, 2, 1e-10, 0.5035361485554454
1000000000, 0.0001, 100, 0.5, 1e-13, 0.497837986420365
1000000, 0.001, 300, 2, 1e-10, 0.49931767112174835
100000000, 1e-05, 300, 1, 1e-12, 0.4977901837737395
1000000, 1e-06, 500, 1, 1e-10, 0.49275505588140156
100000, 1e-09, 50, 2, 1e-09, 0.48721752043086425
100000000, 0.0001, 300, 1, 1e-12, 0.4988448070129942
10000000, 1e-09, 500, 0.5, 1e-11, 0.49827914886733343
100000, 1e-07, 500, 2, 1e-09, 0.5014032476912946
100000, 0.001, 400, 1, 1e-09, 0.5025021705228593
10000000, 1e-08, 200, 0.5, 1e-11, 0.5042502153022242
1000000, 1e-05, 100, 2, 1e-10, 0.5013548334718088
10000000, 1e-08, 500, 0.5, 1e-11, 0.4972637092656205
1000000000, 1e-07, 400, 1, 1e-13, 0.5076296917504052
100000, 1e-06, 500, 0.5, 1e-09, 0.5055468129935347
1000000, 1e-08, 50, 0.5, 1e-10, 0.5000138990610357
100000000, 1e-07, 300, 0.5, 1e-12, 0.500860404600238
10000, 1e-07, 500, 0.5, 1e-08, 0.4945235255097434
1000000000, 0.0001, 500, 1, 1e-13, 0.5002049730059198
100000000, 0.001, 50, 1, 1e-12, 0.4965156671569871
10000000, 0.001, 100, 2, 1e-11, 0.4994189548254876
10000, 1e-08, 400, 0.5, 1e-08, 0.502347010239865
100000000, 1e-10, 100, 2, 1e-12, 0.5023861729411041
1000000, 0.001, 400, 0.5, 1e-10, 0.4975701688821899
1000000000, 0.001, 500, 0.5, 1e-13, 0.5024633012617034
1000000000, 1e-06, 200, 1, 1e-13, 0.503427315200825
10000000, 0.0001, 500, 2, 1e-11, 0.5078485489150374
100000, 1e-10, 100, 2, 1e-09, 0.5008684297164921
1000000, 1e-07, 100, 1, 1e-10, 0.5043627837249897
1000000, 1e-07, 200, 1, 1e-10, 0.5064674206922657
100000, 1e-08, 300, 2, 1e-09, 0.5054796339503091
100000, 1e-08, 500, 2, 1e-09, 0.5006355032983261
100000000, 1e-10, 200, 1, 1e-12, 0.4950011041958011
1000000000, 1e-06, 100, 0.5, 1e-13, 0.4985516438315325
100000000, 1e-05, 200, 1, 1e-12, 0.5013338686238438
1000000, 1e-07, 400, 2, 1e-10, 0.4992293297634108
1000000000, 1e-10, 400, 1, 1e-13, 0.5026933572360355
10000000, 1e-09, 500, 2, 1e-11, 0.5003334413709225
100000000, 1e-05, 400, 1, 1e-12, 0.5008023343564488
100000, 1e-08, 400, 1, 1e-09, 0.5028488871942819
10000000, 1e-10, 400, 1, 1e-11, 0.49909643774342655
10000000, 1e-05, 500, 0.5, 1e-11, 0.5018010169937906
1000000, 0.001, 200, 2, 1e-10, 0.5049325024657143
1000000, 0.001, 100, 1, 1e-10, 0.5028525588911228
10000000, 1e-07, 100, 0.5, 1e-11, 0.49748045414146846
100000, 0.0001, 200, 2, 1e-09, 0.49984010450871325
100000000, 1e-06, 300, 1, 1e-12, 0.5027205268478829
100000000, 1e-09, 300, 1, 1e-12, 0.49578800510701465
1000000, 1e-06, 200, 2, 1e-10, 0.5046922344325836
100000000, 1e-06, 100, 0.5, 1e-12, 0.503891013670705
1000000, 1e-10, 200, 2, 1e-10, 0.5004056389073158
10000000, 1e-10, 200, 0.5, 1e-11, 0.5022798834291285
100000000, 1e-05, 500, 2, 1e-12, 0.4961445557880027
1000000, 1e-05, 400, 1, 1e-10, 0.5005005258605637
100000000, 1e-09, 400, 1, 1e-12, 0.5016346431564078
1000000, 1e-10, 200, 0.5, 1e-10, 0.4974337965151978
1000000, 0.0001, 500, 1, 1e-10, 0.5024970282588826
1000000000, 1e-06, 300, 2, 1e-13, 0.5056098957970218
1000000, 0.001, 500, 0.5, 1e-10, 0.5017646516910139
100000000, 1e-07, 200, 1, 1e-12, 0.502761834095252
1000000, 0.001, 500, 1, 1e-10, 0.502263729576529
10000000, 1e-10, 50, 0.5, 1e-11, 0.4919765721965119
1000000, 1e-09, 400, 2, 1e-10, 0.5011744122625634
100000000, 1e-09, 300, 0.5, 1e-12, 0.5052708741542653
10000, 1e-07, 400, 2, 1e-08, 0.4996626815189181
10000000, 1e-10, 300, 1, 1e-11, 0.4997184975948038
1000000, 1e-05, 300, 0.5, 1e-10, 0.5063485618950918
100000000, 1e-08, 400, 2, 1e-12, 0.5075559107197722
10000, 1e-08, 300, 1, 1e-08, 0.4959967899985808
100000, 0.001, 500, 0.5, 1e-09, 0.5059799437460362
10000, 1e-05, 200, 1, 1e-08, 0.5048511932370852
100000, 1e-07, 500, 1, 1e-09, 0.4992865823261948
10000000, 0.0001, 400, 2, 1e-11, 0.5027702584380671
1000000, 1e-09, 500, 1, 1e-10, 0.49846169356106335
10000000, 0.001, 500, 0.5, 1e-11, 0.5032498975861468
10000000, 0.0001, 300, 0.5, 1e-11, 0.5018464608884111
1000000, 1e-06, 400, 0.5, 1e-10, 0.5027793310804058
10000000, 1e-05, 500, 2, 1e-11, 0.498635484592442
10000000, 1e-09, 400, 1, 1e-11, 0.5021588100027435
100000000, 1e-08, 50, 2, 1e-12, 0.4914640378133199
10000000, 1e-07, 100, 1, 1e-11, 0.49950376263973867
100000, 1e-07, 100, 0.5, 1e-09, 0.5003680475906294
10000, 1e-08, 500, 1, 1e-08, 0.5013771987571216
1000000000, 1e-05, 300, 2, 1e-13, 0.499952548773378
10000000, 1e-05, 200, 1, 1e-11, 0.49850444939667027
1000000, 1e-08, 100, 2, 1e-10, 0.5041869627647524
100000, 1e-06, 300, 1, 1e-09, 0.49753090607849004
100000000, 1e-09, 50, 1, 1e-12, 0.49939961493345775
1000000, 0.0001, 400, 1, 1e-10, 0.49775490129414757
10000000, 1e-08, 100, 0.5, 1e-11, 0.5043694002222245
100000, 1e-07, 200, 2, 1e-09, 0.5005269588138794
10000000, 0.0001, 200, 0.5, 1e-11, 0.5013645749196922
1000000, 1e-06, 100, 2, 1e-10, 0.5044485784700038
100000, 1e-06, 400, 1, 1e-09, 0.5009611478373868
1000000000, 1e-07, 300, 1, 1e-13, 0.4936626069190242
100000000, 1e-07, 100, 1, 1e-12, 0.4960699429440815
100000000, 1e-07, 50, 0.5, 1e-12, 0.49173359136668787
100000000, 0.001, 400, 2, 1e-12, 0.5058922252853115
1000000, 1e-10, 300, 1, 1e-10, 0.5017189995689608
10000000, 1e-05, 50, 1, 1e-11, 0.4941774963220898
100000000, 0.001, 50, 2, 1e-12, 0.4968728376383663
1000000, 1e-08, 200, 1, 1e-10, 0.4996409561136228
1000000, 1e-09, 100, 0.5, 1e-10, 0.49810310031144944
10000000, 1e-10, 200, 1, 1e-11, 0.49756370426937957
100000, 0.0001, 100, 0.5, 1e-09, 0.49905227850461426
100000, 1e-07, 100, 1, 1e-09, 0.4996099111138289
1000000000, 1e-07, 200, 2, 1e-13, 0.49932472497743874
1000000, 0.0001, 100, 2, 1e-10, 0.4999772496304537
1000000000, 1e-07, 50, 1, 1e-13, 0.4951429395318653
100000000, 0.0001, 400, 0.5, 1e-12, 0.4987284618075796
1000000000, 1e-05, 400, 1, 1e-13, 0.5029502895847714
100000, 1e-07, 400, 1, 1e-09, 0.5034701248873035
100000, 1e-06, 300, 2, 1e-09, 0.49905725009255664
10000, 0.0001, 200, 1, 1e-08, 0.5062742985085821
10000000, 1e-07, 100, 2, 1e-11, 0.49957406719424774
100000000, 1e-07, 200, 2, 1e-12, 0.5033582403914749
100000000, 1e-09, 50, 0.5, 1e-12, 0.5030026637936487
10000000, 0.0001, 400, 1, 1e-11, 0.5074882479247969
100000000, 1e-08, 200, 0.5, 1e-12, 0.503605943431947
100000000, 1e-09, 200, 1, 1e-12, 0.5021656379023746
100000, 0.001, 400, 2, 1e-09, 0.5017434697624672
10000000, 1e-06, 500, 0.5, 1e-11, 0.4972450525929847
1000000000, 1e-05, 200, 0.5, 1e-13, 0.5013499380014931
100000000, 1e-06, 200, 2, 1e-12, 0.500289250945996
100000, 0.001, 300, 0.5, 1e-09, 0.4943519290434958
1000000, 0.0001, 200, 0.5, 1e-10, 0.500880315444841
100000000, 1e-08, 500, 2, 1e-12, 0.5010156235651354
1000000, 0.0001, 400, 2, 1e-10, 0.5040005850943312
10000, 0.001, 100, 2, 1e-08, 0.49737848076058544
100000000, 1e-06, 500, 0.5, 1e-12, 0.5076444695060187
10000000, 1e-09, 100, 1, 1e-11, 0.5012913706400779
1000000, 1e-07, 100, 1, 1e-10, 0.4978178566946018
1000000, 0.001, 500, 1, 1e-10, 0.5049395785316064
10000000, 0.0001, 75, 1, 1e-11, 0.4923330303257239
10000000, 1e-05, 500, 1, 1e-11, 0.5073687258462259
10000000, 1e-10, 75, 1, 1e-11, 0.5004178145095025
100000, 1e-09, 200, 1, 1e-09, 0.5067576807625436
10000, 1e-08, 300, 1, 1e-08, 0.5050998475642133
10000000, 1e-05, 300, 1, 1e-11, 0.49459358838161427
100000, 1e-05, 75, 1, 1e-09, 0.4894024214245423
10000000, 1e-08, 75, 1, 1e-11, 0.49873387287256904
10000000, 0.001, 100, 1, 1e-11, 0.49800514552408864
1000000, 1e-08, 100, 1, 1e-10, 0.5002591328447347
1000000, 0.0001, 500, 1, 1e-10, 0.5037203562153075
100000, 1e-06, 50, 1, 1e-09, 0.49640337424893116
10000, 1e-05, 50, 1, 1e-08, 0.4919176632876757
10000, 1e-07, 300, 1, 1e-08, 0.4994185474381991
1000000, 0.0001, 50, 1, 1e-10, 0.4944953191532075
1000000, 1e-07, 300, 1, 1e-10, 0.5052644638155604
10000, 1e-09, 200, 1, 1e-08, 0.5005892297514449
10000000, 1e-08, 500, 1, 1e-11, 0.49907616326258086
1000000, 0.001, 50, 1, 1e-10, 0.49391184809222155
1000000, 1e-06, 50, 1, 1e-10, 0.4896677503308621
10000, 1e-07, 500, 1, 1e-08, 0.5083857900640112
10000000, 1e-07, 500, 1, 1e-11, 0.49901998233950473
10000, 1e-10, 500, 1, 1e-08, 0.5035010242620674
1000000, 0.0001, 300, 1, 1e-10, 0.5053827253911136
10000000, 1e-06, 50, 1, 1e-11, 0.49817352298677947
10000, 1e-10, 75, 1, 1e-08, 0.498424045890746
10000000, 1e-09, 500, 1, 1e-11, 0.5031054903523245
100000, 1e-09, 100, 1, 1e-09, 0.4991374381656978
10000, 0.001, 50, 1, 1e-08, 0.4967496302043714
1000000, 1e-05, 200, 1, 1e-10, 0.5052103221450487
