alpha, beta, c, latent_features, steps, NDCG
100, 100, 100, 3, 50, 0.09563567021167976
100, 100, 100, 3, 100, 0.08854989967748697
100, 100, 100, 3, 150, 0.11431218770334381
100, 100, 100, 10, 50, 0.3488785114015265
100, 100, 100, 10, 100, 0.3221583104068743
100, 100, 100, 10, 150, 0.31906552961174145
100, 100, 100, 30, 50, 0.3452297214459874
100, 100, 100, 30, 100, 0.31208403958054737
100, 100, 100, 30, 150, 0.30801989866313395
100, 100, 100, 50, 50, 0.2978356923287524
100, 100, 100, 50, 100, 0.29543817337491124
100, 100, 100, 50, 150, 0.2972991406530425
100, 100, 10, 3, 50, 0.09651276169405792
100, 100, 10, 3, 100, 0.10151808966757557
100, 100, 10, 3, 150, 0.10048671781967998
100, 100, 10, 10, 50, 0.4328570618829681
100, 100, 10, 10, 100, 0.41865046201227085
100, 100, 10, 10, 150, 0.4219634432121523
100, 100, 10, 30, 50, 0.31427207380437455
100, 100, 10, 30, 100, 0.3825597696709914
100, 100, 10, 30, 150, 0.36457115811392987
100, 100, 10, 50, 50, 0.36452260360018235
100, 100, 10, 50, 100, 0.37344578663055034
100, 100, 10, 50, 150, 0.3521692666974052
100, 100, 1, 3, 50, 0.08688163094059424
100, 100, 1, 3, 100, 0.08250031067062123
100, 100, 1, 3, 150, 0.07324796882038648
100, 100, 1, 10, 50, 0.3782626401593937
100, 100, 1, 10, 100, 0.38162381556759406
100, 100, 1, 10, 150, 0.3797205250539271
100, 100, 1, 30, 50, 0.3556254085607277
100, 100, 1, 30, 100, 0.3567049787061837
100, 100, 1, 30, 150, 0.3315885188799237
100, 100, 1, 50, 50, 0.37451906169817606
100, 100, 1, 50, 100, 0.39259161196063574
100, 100, 1, 50, 150, 0.3852844795810426
100, 100, 0.1, 3, 50, 0.03787445599206069
100, 100, 0.1, 3, 100, 0.03602134011941451
100, 100, 0.1, 3, 150, 0.03215814627446867
100, 100, 0.1, 10, 50, 0.44963295731089487
100, 100, 0.1, 10, 100, 0.4085046945214039
100, 100, 0.1, 10, 150, 0.42120822693367665
100, 100, 0.1, 30, 50, 0.36518385288637556
100, 100, 0.1, 30, 100, 0.37139079542716835
100, 100, 0.1, 30, 150, 0.36383718553345057
100, 100, 0.1, 50, 50, 0.41473238112271943
100, 100, 0.1, 50, 100, 0.3863951197973386
100, 100, 0.1, 50, 150, 0.4051533330038027
100, 100, 0.01, 3, 50, 0.030538573796355904
100, 100, 0.01, 3, 100, 0.026520723195346135
100, 100, 0.01, 3, 150, 0.029840242750071858
100, 100, 0.01, 10, 50, 0.4144259659698885
100, 100, 0.01, 10, 100, 0.3792616763428393
100, 100, 0.01, 10, 150, 0.3895952310822762
100, 100, 0.01, 30, 50, 0.40502025328095215
100, 100, 0.01, 30, 100, 0.3680885985111657
100, 100, 0.01, 30, 150, 0.39865888354182305
100, 100, 0.01, 50, 50, 0.4069659331641434
100, 100, 0.01, 50, 100, 0.41500002073117614
100, 100, 0.01, 50, 150, 0.40359284889796787
100, 100, 0.001, 3, 50, 0.032357154728080276
100, 100, 0.001, 3, 100, 0.022732908508368482
100, 100, 0.001, 3, 150, 0.029637453791237216
100, 100, 0.001, 10, 50, 0.4166215390096626
100, 100, 0.001, 10, 100, 0.3880432288390467
100, 100, 0.001, 10, 150, 0.41572118353909104
100, 100, 0.001, 30, 50, 0.3642531351923971
100, 100, 0.001, 30, 100, 0.4003350652342161
100, 100, 0.001, 30, 150, 0.35870953900273983
100, 100, 0.001, 50, 50, 0.39700059677483607
100, 100, 0.001, 50, 100, 0.4085565089721171
100, 100, 0.001, 50, 150, 0.43239828935254804
100, 1, 100, 3, 50, 0.08876145135034041
100, 1, 100, 3, 100, 0.09486188124542456
100, 1, 100, 3, 150, 0.11939977482679369
100, 1, 100, 10, 50, 0.16179043261551368
100, 1, 100, 10, 100, 0.19864017737503595
100, 1, 100, 10, 150, 0.19425738850662164
100, 1, 100, 30, 50, 0.20867211394735194
100, 1, 100, 30, 100, 0.21062867165825788
100, 1, 100, 30, 150, 0.2217025510395391
100, 1, 100, 50, 50, 0.19088044603918194
100, 1, 100, 50, 100, 0.1902439058479581
100, 1, 100, 50, 150, 0.18652254479238534
100, 1, 10, 3, 50, 0.09884843755235809
100, 1, 10, 3, 100, 0.0896626851934633
100, 1, 10, 3, 150, 0.0977316698867146
100, 1, 10, 10, 50, 0.32189553418303396
100, 1, 10, 10, 100, 0.317154765383836
100, 1, 10, 10, 150, 0.3212951433121303
100, 1, 10, 30, 50, 0.2044190103714268
100, 1, 10, 30, 100, 0.20655859441750643
100, 1, 10, 30, 150, 0.18701972257257837
100, 1, 10, 50, 50, 0.23619898921092441
100, 1, 10, 50, 100, 0.23527830344034675
100, 1, 10, 50, 150, 0.2563388904021745
100, 1, 1, 3, 50, 0.11381216126596785
100, 1, 1, 3, 100, 0.10124941335047856
100, 1, 1, 3, 150, 0.1188073935745826
100, 1, 1, 10, 50, 0.3117641530033388
100, 1, 1, 10, 100, 0.3012955213010828
100, 1, 1, 10, 150, 0.3001500380878069
100, 1, 1, 30, 50, 0.2155833900699521
100, 1, 1, 30, 100, 0.17894778165144562
100, 1, 1, 30, 150, 0.2158793095946128
100, 1, 1, 50, 50, 0.23325575612985272
100, 1, 1, 50, 100, 0.2411151494659424
100, 1, 1, 50, 150, 0.28209431261335977
100, 1, 0.1, 3, 50, 0.04866101283958816
100, 1, 0.1, 3, 100, 0.08129251074777143
100, 1, 0.1, 3, 150, 0.08126114300640905
100, 1, 0.1, 10, 50, 0.29889268641534683
100, 1, 0.1, 10, 100, 0.33180858736277224
100, 1, 0.1, 10, 150, 0.3347559679564979
100, 1, 0.1, 30, 50, 0.16074163127554938
100, 1, 0.1, 30, 100, 0.18954894282814927
100, 1, 0.1, 30, 150, 0.21430823926053133
100, 1, 0.1, 50, 50, 0.2309816427459685
100, 1, 0.1, 50, 100, 0.22121171271923565
100, 1, 0.1, 50, 150, 0.2441534642347366
100, 1, 0.01, 3, 50, 0.030511677078634402
100, 1, 0.01, 3, 100, 0.0399661208773501
100, 1, 0.01, 3, 150, 0.044013831836427944
100, 1, 0.01, 10, 50, 0.3791086357943584
100, 1, 0.01, 10, 100, 0.34954039800626296
100, 1, 0.01, 10, 150, 0.3413931717875036
100, 1, 0.01, 30, 50, 0.21422862957356628
100, 1, 0.01, 30, 100, 0.21226058683837448
100, 1, 0.01, 30, 150, 0.20267322994428874
100, 1, 0.01, 50, 50, 0.2822742559954206
100, 1, 0.01, 50, 100, 0.26902349901268097
100, 1, 0.01, 50, 150, 0.24634174773124948
100, 1, 0.001, 3, 50, 0.02460255296190691
100, 1, 0.001, 3, 100, 0.032272235886038975
100, 1, 0.001, 3, 150, 0.0360348282892992
100, 1, 0.001, 10, 50, 0.32685514633980817
100, 1, 0.001, 10, 100, 0.31639053405877743
100, 1, 0.001, 10, 150, 0.3366314144549191
100, 1, 0.001, 30, 50, 0.1800888307310223
100, 1, 0.001, 30, 100, 0.2071421504444564
100, 1, 0.001, 30, 150, 0.19513116344367162
100, 1, 0.001, 50, 50, 0.23314778977307143
100, 1, 0.001, 50, 100, 0.24166608844524795
100, 1, 0.001, 50, 150, 0.24589035672483336
100, 0.01, 100, 3, 50, 0.10372904649351147
100, 0.01, 100, 3, 100, 0.08753024214525934
100, 0.01, 100, 3, 150, 0.0847238678750651
100, 0.01, 100, 10, 50, 0.23508263345815883
100, 0.01, 100, 10, 100, 0.25347926062623205
100, 0.01, 100, 10, 150, 0.2464709960942551
100, 0.01, 100, 30, 50, 0.2162561388188441
100, 0.01, 100, 30, 100, 0.21294638661717913
100, 0.01, 100, 30, 150, 0.22235354150353234
100, 0.01, 100, 50, 50, 0.19255926059144135
100, 0.01, 100, 50, 100, 0.19717739122015843
100, 0.01, 100, 50, 150, 0.1893301549104818
100, 0.01, 10, 3, 50, 0.10311176224754076
100, 0.01, 10, 3, 100, 0.0889160887612678
100, 0.01, 10, 3, 150, 0.11247932461782258
100, 0.01, 10, 10, 50, 0.2569569634056768
100, 0.01, 10, 10, 100, 0.2707300210409826
100, 0.01, 10, 10, 150, 0.3157976510416026
100, 0.01, 10, 30, 50, 0.246134006873473
100, 0.01, 10, 30, 100, 0.21180016152036008
100, 0.01, 10, 30, 150, 0.22160491820066341
100, 0.01, 10, 50, 50, 0.19631776712861002
100, 0.01, 10, 50, 100, 0.19893214279172183
100, 0.01, 10, 50, 150, 0.21388270239556534
100, 0.01, 1, 3, 50, 0.10368177954981761
100, 0.01, 1, 3, 100, 0.08905483140286835
100, 0.01, 1, 3, 150, 0.06744277118090246
100, 0.01, 1, 10, 50, 0.32186880264406403
100, 0.01, 1, 10, 100, 0.3321443444629999
100, 0.01, 1, 10, 150, 0.31200845694297025
100, 0.01, 1, 30, 50, 0.22310971728827503
100, 0.01, 1, 30, 100, 0.20378192189900624
100, 0.01, 1, 30, 150, 0.21443311417921287
100, 0.01, 1, 50, 50, 0.24590427510088148
100, 0.01, 1, 50, 100, 0.22420139388110716
100, 0.01, 1, 50, 150, 0.2204554617695005
100, 0.01, 0.1, 3, 50, 0.07903168961832012
100, 0.01, 0.1, 3, 100, 0.09026493566683551
100, 0.01, 0.1, 3, 150, 0.08554499326041543
100, 0.01, 0.1, 10, 50, 0.30758037583709713
100, 0.01, 0.1, 10, 100, 0.32673726885321897
100, 0.01, 0.1, 10, 150, 0.3288606103871515
100, 0.01, 0.1, 30, 50, 0.22737457229236177
100, 0.01, 0.1, 30, 100, 0.21277045148486137
100, 0.01, 0.1, 30, 150, 0.20246910411872662
100, 0.01, 0.1, 50, 50, 0.24474832290332368
100, 0.01, 0.1, 50, 100, 0.24719602763837653
100, 0.01, 0.1, 50, 150, 0.28954375522336995
100, 0.01, 0.01, 3, 50, 0.07908912162465404
100, 0.01, 0.01, 3, 100, 0.06698256397503653
100, 0.01, 0.01, 3, 150, 0.07662403789818292
100, 0.01, 0.01, 10, 50, 0.31589455378324777
100, 0.01, 0.01, 10, 100, 0.3051912817725811
100, 0.01, 0.01, 10, 150, 0.3085253302731837
100, 0.01, 0.01, 30, 50, 0.19526740436562873
100, 0.01, 0.01, 30, 100, 0.19590418399754356
100, 0.01, 0.01, 30, 150, 0.2155743828050404
100, 0.01, 0.01, 50, 50, 0.2688725812421723
100, 0.01, 0.01, 50, 100, 0.2376417409345057
100, 0.01, 0.01, 50, 150, 0.23399955201842462
100, 0.01, 0.001, 3, 50, 0.02794137871869475
100, 0.01, 0.001, 3, 100, 0.03590511363803166
100, 0.01, 0.001, 3, 150, 0.027870495399013186
100, 0.01, 0.001, 10, 50, 0.3646277974474378
100, 0.01, 0.001, 10, 100, 0.3527125762103281
100, 0.01, 0.001, 10, 150, 0.3651219447455528
100, 0.01, 0.001, 30, 50, 0.19363339289419393
100, 0.01, 0.001, 30, 100, 0.1843524371973881
100, 0.01, 0.001, 30, 150, 0.2012901520154629
100, 0.01, 0.001, 50, 50, 0.25762853747655556
100, 0.01, 0.001, 50, 100, 0.2103331291806689
100, 0.01, 0.001, 50, 150, 0.2581107484104657
100, 0.0001, 100, 3, 50, 0.11055576238528526
100, 0.0001, 100, 3, 100, 0.09093508026696426
100, 0.0001, 100, 3, 150, 0.09409295130667995
100, 0.0001, 100, 10, 50, 0.2514479834941854
100, 0.0001, 100, 10, 100, 0.22796411477728967
100, 0.0001, 100, 10, 150, 0.2490124874509106
100, 0.0001, 100, 30, 50, 0.18213720038186287
100, 0.0001, 100, 30, 100, 0.22078568879475444
100, 0.0001, 100, 30, 150, 0.18563792996513623
100, 0.0001, 100, 50, 50, 0.20689269159148385
100, 0.0001, 100, 50, 100, 0.19422155737300634
100, 0.0001, 100, 50, 150, 0.18058591283266184
100, 0.0001, 10, 3, 50, 0.0728903566200178
100, 0.0001, 10, 3, 100, 0.09475804698369954
100, 0.0001, 10, 3, 150, 0.07153796650891665
100, 0.0001, 10, 10, 50, 0.3023149416857613
100, 0.0001, 10, 10, 100, 0.306426295978355
100, 0.0001, 10, 10, 150, 0.2924664303559961
100, 0.0001, 10, 30, 50, 0.23094409607490374
100, 0.0001, 10, 30, 100, 0.25336832892495076
100, 0.0001, 10, 30, 150, 0.2702684773642035
100, 0.0001, 10, 50, 50, 0.2329943028137023
100, 0.0001, 10, 50, 100, 0.22150408484568693
100, 0.0001, 10, 50, 150, 0.22067303362448784
100, 0.0001, 1, 3, 50, 0.09206183888168391
100, 0.0001, 1, 3, 100, 0.07835174507666601
100, 0.0001, 1, 3, 150, 0.10287307097084417
100, 0.0001, 1, 10, 50, 0.2967063062096029
100, 0.0001, 1, 10, 100, 0.3151980074474859
100, 0.0001, 1, 10, 150, 0.3100574796780888
100, 0.0001, 1, 30, 50, 0.21422678673747125
100, 0.0001, 1, 30, 100, 0.20178404283704282
100, 0.0001, 1, 30, 150, 0.17725479452516812
100, 0.0001, 1, 50, 50, 0.2039081613447149
100, 0.0001, 1, 50, 100, 0.24070553229268365
100, 0.0001, 1, 50, 150, 0.24153688052239555
100, 0.0001, 0.1, 3, 50, 0.07927515750450796
100, 0.0001, 0.1, 3, 100, 0.09090016586255073
100, 0.0001, 0.1, 3, 150, 0.10636370813247248
100, 0.0001, 0.1, 10, 50, 0.34432464060284923
100, 0.0001, 0.1, 10, 100, 0.3153736507874991
100, 0.0001, 0.1, 10, 150, 0.330465374697798
100, 0.0001, 0.1, 30, 50, 0.20710790824115297
100, 0.0001, 0.1, 30, 100, 0.17274101618558807
100, 0.0001, 0.1, 30, 150, 0.1974719181111727
100, 0.0001, 0.1, 50, 50, 0.23013074907236714
100, 0.0001, 0.1, 50, 100, 0.2623463166326742
100, 0.0001, 0.1, 50, 150, 0.2539907533554533
100, 0.0001, 0.01, 3, 50, 0.09694886815281578
100, 0.0001, 0.01, 3, 100, 0.0801303344388034
100, 0.0001, 0.01, 3, 150, 0.07539998223684188
100, 0.0001, 0.01, 10, 50, 0.33039678901263436
100, 0.0001, 0.01, 10, 100, 0.3187114901640411
100, 0.0001, 0.01, 10, 150, 0.3267436524998291
100, 0.0001, 0.01, 30, 50, 0.20633141601441907
100, 0.0001, 0.01, 30, 100, 0.19821635165616097
100, 0.0001, 0.01, 30, 150, 0.1861034610619389
100, 0.0001, 0.01, 50, 50, 0.2578315965541334
100, 0.0001, 0.01, 50, 100, 0.2196999069570085
100, 0.0001, 0.01, 50, 150, 0.2642501907657171
100, 0.0001, 0.001, 3, 50, 0.07101647586605467
100, 0.0001, 0.001, 3, 100, 0.08232933096467841
100, 0.0001, 0.001, 3, 150, 0.08467553834303095
100, 0.0001, 0.001, 10, 50, 0.2988913302553171
100, 0.0001, 0.001, 10, 100, 0.3307804223875839
100, 0.0001, 0.001, 10, 150, 0.3254360474002654
100, 0.0001, 0.001, 30, 50, 0.1710848895056556
100, 0.0001, 0.001, 30, 100, 0.20475377015712173
100, 0.0001, 0.001, 30, 150, 0.21915151030875277
100, 0.0001, 0.001, 50, 50, 0.24451824395983318
100, 0.0001, 0.001, 50, 100, 0.26732414728814957
100, 0.0001, 0.001, 50, 150, 0.2532950522028784
100, 1e-06, 100, 3, 50, 0.09942472084695705
100, 1e-06, 100, 3, 100, 0.09930094465178457
100, 1e-06, 100, 3, 150, 0.09095867206734674
100, 1e-06, 100, 10, 50, 0.20773372746605973
100, 1e-06, 100, 10, 100, 0.24226117250292695
100, 1e-06, 100, 10, 150, 0.25198383755516085
100, 1e-06, 100, 30, 50, 0.20027013994092768
100, 1e-06, 100, 30, 100, 0.22656608882380178
100, 1e-06, 100, 30, 150, 0.1900400337665142
100, 1e-06, 100, 50, 50, 0.22741954102156106
100, 1e-06, 100, 50, 100, 0.19132439960595135
100, 1e-06, 100, 50, 150, 0.19762959360672527
100, 1e-06, 10, 3, 50, 0.08993496918102067
100, 1e-06, 10, 3, 100, 0.07553746472178967
100, 1e-06, 10, 3, 150, 0.10711403018824754
100, 1e-06, 10, 10, 50, 0.2661186055821323
100, 1e-06, 10, 10, 100, 0.2842678002127166
100, 1e-06, 10, 10, 150, 0.3161748500984134
100, 1e-06, 10, 30, 50, 0.24295045697433026
100, 1e-06, 10, 30, 100, 0.23576100055260413
100, 1e-06, 10, 30, 150, 0.24791113706546278
100, 1e-06, 10, 50, 50, 0.1962979594231233
100, 1e-06, 10, 50, 100, 0.22854101839399088
100, 1e-06, 10, 50, 150, 0.2536146425453897
100, 1e-06, 1, 3, 50, 0.09140691566999815
100, 1e-06, 1, 3, 100, 0.09582205297577298
100, 1e-06, 1, 3, 150, 0.11268398288229521
100, 1e-06, 1, 10, 50, 0.3265393267904677
100, 1e-06, 1, 10, 100, 0.30464296826220655
100, 1e-06, 1, 10, 150, 0.30707662570773187
100, 1e-06, 1, 30, 50, 0.2109662815323551
100, 1e-06, 1, 30, 100, 0.2213613024166768
100, 1e-06, 1, 30, 150, 0.20473247531534425
100, 1e-06, 1, 50, 50, 0.21209707124913016
100, 1e-06, 1, 50, 100, 0.2401821683617425
100, 1e-06, 1, 50, 150, 0.23503357701286123
100, 1e-06, 0.1, 3, 50, 0.0919678889252875
100, 1e-06, 0.1, 3, 100, 0.09700085235777861
100, 1e-06, 0.1, 3, 150, 0.0897652061030776
100, 1e-06, 0.1, 10, 50, 0.3107007342770375
100, 1e-06, 0.1, 10, 100, 0.30139660520472483
100, 1e-06, 0.1, 10, 150, 0.30989115461540445
100, 1e-06, 0.1, 30, 50, 0.21225349818976968
100, 1e-06, 0.1, 30, 100, 0.20265145266444037
100, 1e-06, 0.1, 30, 150, 0.18843457601998248
100, 1e-06, 0.1, 50, 50, 0.22592761058826727
100, 1e-06, 0.1, 50, 100, 0.2852877689052582
100, 1e-06, 0.1, 50, 150, 0.2750698724553438
100, 1e-06, 0.01, 3, 50, 0.08397987273032678
100, 1e-06, 0.01, 3, 100, 0.08138846171064412
100, 1e-06, 0.01, 3, 150, 0.10030541339769186
100, 1e-06, 0.01, 10, 50, 0.30642101482698736
100, 1e-06, 0.01, 10, 100, 0.3253356932732824
100, 1e-06, 0.01, 10, 150, 0.32344823987675553
100, 1e-06, 0.01, 30, 50, 0.23254033250191106
100, 1e-06, 0.01, 30, 100, 0.21954656007770768
100, 1e-06, 0.01, 30, 150, 0.23037538228299603
100, 1e-06, 0.01, 50, 50, 0.21218855461600863
100, 1e-06, 0.01, 50, 100, 0.2332746537465784
100, 1e-06, 0.01, 50, 150, 0.23900547331208039
100, 1e-06, 0.001, 3, 50, 0.0889601754026616
100, 1e-06, 0.001, 3, 100, 0.1005892935347872
100, 1e-06, 0.001, 3, 150, 0.11302472296427894
100, 1e-06, 0.001, 10, 50, 0.2918684136825212
100, 1e-06, 0.001, 10, 100, 0.3147351154237551
100, 1e-06, 0.001, 10, 150, 0.3456327948868692
100, 1e-06, 0.001, 30, 50, 0.187382078992116
100, 1e-06, 0.001, 30, 100, 0.20242463086715634
100, 1e-06, 0.001, 30, 150, 0.1970329537809927
100, 1e-06, 0.001, 50, 50, 0.24701155673764352
100, 1e-06, 0.001, 50, 100, 0.24347385237457977
100, 1e-06, 0.001, 50, 150, 0.23776802314947446
1, 100, 100, 3, 50, 0.1570681432764881
1, 100, 100, 3, 100, 0.17115594060951922
1, 100, 100, 3, 150, 0.18352740416796812
1, 100, 100, 10, 50, 0.18718830855155594
1, 100, 100, 10, 100, 0.16965925964647643
1, 100, 100, 10, 150, 0.1614032636277213
1, 100, 100, 30, 50, 0.17230335405965172
1, 100, 100, 30, 100, 0.15365568466728066
1, 100, 100, 30, 150, 0.17650775228679194
1, 100, 100, 50, 50, 0.17678741741794834
1, 100, 100, 50, 100, 0.1859024721790761
1, 100, 100, 50, 150, 0.1575559001066429
1, 100, 10, 3, 50, 0.16889911142612654
1, 100, 10, 3, 100, 0.18327561493856515
1, 100, 10, 3, 150, 0.1673920606321354
1, 100, 10, 10, 50, 0.15683045067376378
1, 100, 10, 10, 100, 0.1531534071153796
1, 100, 10, 10, 150, 0.1827657873599948
1, 100, 10, 30, 50, 0.17141350266519248
1, 100, 10, 30, 100, 0.17561501416132053
1, 100, 10, 30, 150, 0.1720201764225133
1, 100, 10, 50, 50, 0.1747435289052633
1, 100, 10, 50, 100, 0.1720966261860188
1, 100, 10, 50, 150, 0.1946061870179992
1, 100, 1, 3, 50, 0.10104351564213016
1, 100, 1, 3, 100, 0.09808200454229186
1, 100, 1, 3, 150, 0.1186481119920858
1, 100, 1, 10, 50, 0.10323663911441462
1, 100, 1, 10, 100, 0.0966633848752817
1, 100, 1, 10, 150, 0.10177597595572438
1, 100, 1, 30, 50, 0.1116798467593159
1, 100, 1, 30, 100, 0.10091588832583843
1, 100, 1, 30, 150, 0.10999370564318926
1, 100, 1, 50, 50, 0.10076884787173734
1, 100, 1, 50, 100, 0.08672106349605416
1, 100, 1, 50, 150, 0.1111318227139163
1, 100, 0.1, 3, 50, 0.02458034555817466
1, 100, 0.1, 3, 100, 0.037872153294503275
1, 100, 0.1, 3, 150, 0.02670568632578702
1, 100, 0.1, 10, 50, 0.4404934726169853
1, 100, 0.1, 10, 100, 0.4438343930952706
1, 100, 0.1, 10, 150, 0.40064224606335264
1, 100, 0.1, 30, 50, 0.4231096834106542
1, 100, 0.1, 30, 100, 0.41777158916033386
1, 100, 0.1, 30, 150, 0.41725693095997474
1, 100, 0.1, 50, 50, 0.41001545025394803
1, 100, 0.1, 50, 100, 0.4023969898098899
1, 100, 0.1, 50, 150, 0.4377532686687637
1, 100, 0.01, 3, 50, 0.027710780741192244
1, 100, 0.01, 3, 100, 0.04089964829460367
1, 100, 0.01, 3, 150, 0.0391349294584333
1, 100, 0.01, 10, 50, 0.42782793893646265
1, 100, 0.01, 10, 100, 0.4302048599935566
1, 100, 0.01, 10, 150, 0.41967044092765704
1, 100, 0.01, 30, 50, 0.41771290274430284
1, 100, 0.01, 30, 100, 0.45671923344737275
1, 100, 0.01, 30, 150, 0.4106841406748861
1, 100, 0.01, 50, 50, 0.40804113731160635
1, 100, 0.01, 50, 100, 0.4300504644395059
1, 100, 0.01, 50, 150, 0.41671696163673866
1, 100, 0.001, 3, 50, 0.04373261218898438
1, 100, 0.001, 3, 100, 0.028337770276720565
1, 100, 0.001, 3, 150, 0.02834116338262259
1, 100, 0.001, 10, 50, 0.41348805820432205
1, 100, 0.001, 10, 100, 0.4276978399459496
1, 100, 0.001, 10, 150, 0.41202050326914524
1, 100, 0.001, 30, 50, 0.43475759932867825
1, 100, 0.001, 30, 100, 0.41001331876312663
1, 100, 0.001, 30, 150, 0.39727571378350973
1, 100, 0.001, 50, 50, 0.43057158601326256
1, 100, 0.001, 50, 100, 0.42928983604393667
1, 100, 0.001, 50, 150, 0.40698227679292015
1, 1, 100, 3, 50, 0.16823357132074818
1, 1, 100, 3, 100, 0.1758506333776409
1, 1, 100, 3, 150, 0.19013000921751882
1, 1, 100, 10, 50, 0.5149750152025759
1, 1, 100, 10, 100, 0.5468405139018249
1, 1, 100, 10, 150, 0.531118309856045
1, 1, 100, 30, 50, 0.5140756833583255
1, 1, 100, 30, 100, 0.5458918244085376
1, 1, 100, 30, 150, 0.5285930006348994
1, 1, 100, 50, 50, 0.5013148415184969
1, 1, 100, 50, 100, 0.5183409888167556
1, 1, 100, 50, 150, 0.5184469986894541
1, 1, 10, 3, 50, 0.1554715453759467
1, 1, 10, 3, 100, 0.15112592559559856
1, 1, 10, 3, 150, 0.14417502345836092
1, 1, 10, 10, 50, 0.522368294525634
1, 1, 10, 10, 100, 0.5466559865802881
1, 1, 10, 10, 150, 0.5275861200872847
1, 1, 10, 30, 50, 0.5783280705834869
1, 1, 10, 30, 100, 0.5841492706163544
1, 1, 10, 30, 150, 0.5781713154703314
1, 1, 10, 50, 50, 0.5412982120701384
1, 1, 10, 50, 100, 0.5645756141458328
1, 1, 10, 50, 150, 0.5470961526060315
1, 1, 1, 3, 50, 0.17719825475702783
1, 1, 1, 3, 100, 0.14580292173113263
1, 1, 1, 3, 150, 0.15965136145759867
1, 1, 1, 10, 50, 0.5320798940914929
1, 1, 1, 10, 100, 0.5485914141580783
1, 1, 1, 10, 150, 0.5291282872570893
1, 1, 1, 30, 50, 0.5687553436197712
1, 1, 1, 30, 100, 0.5864535973879113
1, 1, 1, 30, 150, 0.5743860083188972
1, 1, 1, 50, 50, 0.5209702395240919
1, 1, 1, 50, 100, 0.5322162307964629
1, 1, 1, 50, 150, 0.531543305149118
1, 1, 0.1, 3, 50, 0.11013270503999202
1, 1, 0.1, 3, 100, 0.08714700479132283
1, 1, 0.1, 3, 150, 0.09313691416512229
1, 1, 0.1, 10, 50, 0.5455912713480447
1, 1, 0.1, 10, 100, 0.5306718862984133
1, 1, 0.1, 10, 150, 0.5231124220201644
1, 1, 0.1, 30, 50, 0.578368191294359
1, 1, 0.1, 30, 100, 0.5646104351638599
1, 1, 0.1, 30, 150, 0.5586149320029088
1, 1, 0.1, 50, 50, 0.5187736327377388
1, 1, 0.1, 50, 100, 0.5289028633190391
1, 1, 0.1, 50, 150, 0.5174123293858885
1, 1, 0.01, 3, 50, 0.035371238540623504
1, 1, 0.01, 3, 100, 0.02453126393669637
1, 1, 0.01, 3, 150, 0.037293866908912135
1, 1, 0.01, 10, 50, 0.5348323194933691
1, 1, 0.01, 10, 100, 0.5467524688792327
1, 1, 0.01, 10, 150, 0.5332664665008587
1, 1, 0.01, 30, 50, 0.5350731181593855
1, 1, 0.01, 30, 100, 0.5539717403035691
1, 1, 0.01, 30, 150, 0.541436324261052
1, 1, 0.01, 50, 50, 0.5177096429494096
1, 1, 0.01, 50, 100, 0.5257979544247462
1, 1, 0.01, 50, 150, 0.523050375222744
1, 1, 0.001, 3, 50, 0.03617536352756684
1, 1, 0.001, 3, 100, 0.024795896858094628
1, 1, 0.001, 3, 150, 0.051220648410718626
1, 1, 0.001, 10, 50, 0.5507603947608635
1, 1, 0.001, 10, 100, 0.5356455366359283
1, 1, 0.001, 10, 150, 0.5264192332227422
1, 1, 0.001, 30, 50, 0.5608705604883919
1, 1, 0.001, 30, 100, 0.5760546501152056
1, 1, 0.001, 30, 150, 0.5675694019511512
1, 1, 0.001, 50, 50, 0.5366627230666561
1, 1, 0.001, 50, 100, 0.5201869585653993
1, 1, 0.001, 50, 150, 0.5444180083457102
1, 0.01, 100, 3, 50, 0.17210237957217614
1, 0.01, 100, 3, 100, 0.1413011545271625
1, 0.01, 100, 3, 150, 0.16790688017025793
1, 0.01, 100, 10, 50, 0.45176792575724356
1, 0.01, 100, 10, 100, 0.43155295474794286
1, 0.01, 100, 10, 150, 0.49752787649570535
1, 0.01, 100, 30, 50, 0.458224704315864
1, 0.01, 100, 30, 100, 0.4769367701595222
1, 0.01, 100, 30, 150, 0.4581781638398417
1, 0.01, 100, 50, 50, 0.45826120800410536
1, 0.01, 100, 50, 100, 0.48954238846075654
1, 0.01, 100, 50, 150, 0.46056315880904014
1, 0.01, 10, 3, 50, 0.1810095613009075
1, 0.01, 10, 3, 100, 0.16152907619283963
1, 0.01, 10, 3, 150, 0.15812592881187168
1, 0.01, 10, 10, 50, 0.5090803038391553
1, 0.01, 10, 10, 100, 0.5367029550208902
1, 0.01, 10, 10, 150, 0.546828388887589
1, 0.01, 10, 30, 50, 0.53606631015507
1, 0.01, 10, 30, 100, 0.5594957396931948
1, 0.01, 10, 30, 150, 0.560460483030406
1, 0.01, 10, 50, 50, 0.5188248907455109
1, 0.01, 10, 50, 100, 0.5168913950725702
1, 0.01, 10, 50, 150, 0.4880547089930936
1, 0.01, 1, 3, 50, 0.17721045930951568
1, 0.01, 1, 3, 100, 0.18238019069657413
1, 0.01, 1, 3, 150, 0.19439154751873175
1, 0.01, 1, 10, 50, 0.5321205190543832
1, 0.01, 1, 10, 100, 0.5459485798987143
1, 0.01, 1, 10, 150, 0.5228769164923155
1, 0.01, 1, 30, 50, 0.5661700862362978
1, 0.01, 1, 30, 100, 0.5582633806566661
1, 0.01, 1, 30, 150, 0.5534080201131578
1, 0.01, 1, 50, 50, 0.538673727312256
1, 0.01, 1, 50, 100, 0.5188974004832104
1, 0.01, 1, 50, 150, 0.499559773863086
1, 0.01, 0.1, 3, 50, 0.15574882336837187
1, 0.01, 0.1, 3, 100, 0.1508303065050239
1, 0.01, 0.1, 3, 150, 0.18576714360036933
1, 0.01, 0.1, 10, 50, 0.5291224168505179
1, 0.01, 0.1, 10, 100, 0.5115390455823968
1, 0.01, 0.1, 10, 150, 0.48647917226082915
1, 0.01, 0.1, 30, 50, 0.5518605163781856
1, 0.01, 0.1, 30, 100, 0.56872217667185
1, 0.01, 0.1, 30, 150, 0.5782813072300912
1, 0.01, 0.1, 50, 50, 0.5223080994045458
1, 0.01, 0.1, 50, 100, 0.511136933516756
1, 0.01, 0.1, 50, 150, 0.5267044596013759
1, 0.01, 0.01, 3, 50, 0.08778030003461307
1, 0.01, 0.01, 3, 100, 0.09205130956460822
1, 0.01, 0.01, 3, 150, 0.076564880526274
1, 0.01, 0.01, 10, 50, 0.548942374038655
1, 0.01, 0.01, 10, 100, 0.5296182758425825
1, 0.01, 0.01, 10, 150, 0.538206371331114
1, 0.01, 0.01, 30, 50, 0.5817692104290307
1, 0.01, 0.01, 30, 100, 0.5716812826686395
1, 0.01, 0.01, 30, 150, 0.5769821246321045
1, 0.01, 0.01, 50, 50, 0.5054396273019189
1, 0.01, 0.01, 50, 100, 0.5262564795523245
1, 0.01, 0.01, 50, 150, 0.5530705622181691
1, 0.01, 0.001, 3, 50, 0.030257710601412576
1, 0.01, 0.001, 3, 100, 0.028412721508709923
1, 0.01, 0.001, 3, 150, 0.04930919985105572
1, 0.01, 0.001, 10, 50, 0.5302993347076699
1, 0.01, 0.001, 10, 100, 0.5298753566599461
1, 0.01, 0.001, 10, 150, 0.5221768578499317
1, 0.01, 0.001, 30, 50, 0.5707555137497503
1, 0.01, 0.001, 30, 100, 0.5518546339682345
1, 0.01, 0.001, 30, 150, 0.5883070194328579
1, 0.01, 0.001, 50, 50, 0.5234146623024711
1, 0.01, 0.001, 50, 100, 0.49078278451820695
1, 0.01, 0.001, 50, 150, 0.530693830340527
1, 0.0001, 100, 3, 50, 0.1579744633260196
1, 0.0001, 100, 3, 100, 0.17401882089308918
1, 0.0001, 100, 3, 150, 0.15153085481032869
1, 0.0001, 100, 10, 50, 0.4027460864880187
1, 0.0001, 100, 10, 100, 0.4545285446039625
1, 0.0001, 100, 10, 150, 0.4550579268345674
1, 0.0001, 100, 30, 50, 0.4379135423700386
1, 0.0001, 100, 30, 100, 0.4157000882229952
1, 0.0001, 100, 30, 150, 0.4503818182400441
1, 0.0001, 100, 50, 50, 0.45241613139200404
1, 0.0001, 100, 50, 100, 0.41478555980736564
1, 0.0001, 100, 50, 150, 0.4399605130579161
1, 0.0001, 10, 3, 50, 0.1916838013847143
1, 0.0001, 10, 3, 100, 0.18195368234124118
1, 0.0001, 10, 3, 150, 0.18866743596290095
1, 0.0001, 10, 10, 50, 0.5168289531838774
1, 0.0001, 10, 10, 100, 0.5301743062174298
1, 0.0001, 10, 10, 150, 0.5288773890893917
1, 0.0001, 10, 30, 50, 0.5267942771892131
1, 0.0001, 10, 30, 100, 0.5420716648669567
1, 0.0001, 10, 30, 150, 0.5457714233418552
1, 0.0001, 10, 50, 50, 0.4853677725678637
1, 0.0001, 10, 50, 100, 0.5237801508785217
1, 0.0001, 10, 50, 150, 0.5330594052874645
1, 0.0001, 1, 3, 50, 0.15386641455364755
1, 0.0001, 1, 3, 100, 0.1585442106572809
1, 0.0001, 1, 3, 150, 0.14652585708788776
1, 0.0001, 1, 10, 50, 0.5403869468975278
1, 0.0001, 1, 10, 100, 0.5222786309817264
1, 0.0001, 1, 10, 150, 0.5298347196468776
1, 0.0001, 1, 30, 50, 0.517722166029931
1, 0.0001, 1, 30, 100, 0.5652045402481801
1, 0.0001, 1, 30, 150, 0.569133363858904
1, 0.0001, 1, 50, 50, 0.545143903125687
1, 0.0001, 1, 50, 100, 0.5091757931477467
1, 0.0001, 1, 50, 150, 0.49975480385868615
1, 0.0001, 0.1, 3, 50, 0.19540094150850668
1, 0.0001, 0.1, 3, 100, 0.1470046274046307
1, 0.0001, 0.1, 3, 150, 0.16545539152373298
1, 0.0001, 0.1, 10, 50, 0.5453477513521493
1, 0.0001, 0.1, 10, 100, 0.5767417490571696
1, 0.0001, 0.1, 10, 150, 0.5383703096651672
1, 0.0001, 0.1, 30, 50, 0.5685480780679478
1, 0.0001, 0.1, 30, 100, 0.5706156160004189
1, 0.0001, 0.1, 30, 150, 0.558297298597255
1, 0.0001, 0.1, 50, 50, 0.5266333147839056
1, 0.0001, 0.1, 50, 100, 0.5092362638564317
1, 0.0001, 0.1, 50, 150, 0.5304500602243186
1, 0.0001, 0.01, 3, 50, 0.17815586619696283
1, 0.0001, 0.01, 3, 100, 0.1563223526273045
1, 0.0001, 0.01, 3, 150, 0.1818282846246068
1, 0.0001, 0.01, 10, 50, 0.5253366617460017
1, 0.0001, 0.01, 10, 100, 0.5458625896073408
1, 0.0001, 0.01, 10, 150, 0.520879476423208
1, 0.0001, 0.01, 30, 50, 0.571168510282657
1, 0.0001, 0.01, 30, 100, 0.5545196946483363
1, 0.0001, 0.01, 30, 150, 0.5703835117647374
1, 0.0001, 0.01, 50, 50, 0.5229869352457895
1, 0.0001, 0.01, 50, 100, 0.5342611601673134
1, 0.0001, 0.01, 50, 150, 0.534525466867786
1, 0.0001, 0.001, 3, 50, 0.08333772773656462
1, 0.0001, 0.001, 3, 100, 0.09033631232781796
1, 0.0001, 0.001, 3, 150, 0.12770408736370045
1, 0.0001, 0.001, 10, 50, 0.5426317185769556
1, 0.0001, 0.001, 10, 100, 0.5265467517319283
1, 0.0001, 0.001, 10, 150, 0.534556062349617
1, 0.0001, 0.001, 30, 50, 0.5587364004084592
1, 0.0001, 0.001, 30, 100, 0.5582759889990853
1, 0.0001, 0.001, 30, 150, 0.5596549645178779
1, 0.0001, 0.001, 50, 50, 0.5063423440671575
1, 0.0001, 0.001, 50, 100, 0.52562755644878
1, 0.0001, 0.001, 50, 150, 0.5166604068686206
1, 1e-06, 100, 3, 50, 0.1589685327011861
1, 1e-06, 100, 3, 100, 0.1834369915773143
1, 1e-06, 100, 3, 150, 0.16763564480519808
1, 1e-06, 100, 10, 50, 0.42463408281375836
1, 1e-06, 100, 10, 100, 0.44871621335590817
1, 1e-06, 100, 10, 150, 0.4586349937747076
1, 1e-06, 100, 30, 50, 0.44854019106548554
1, 1e-06, 100, 30, 100, 0.43588055078771193
1, 1e-06, 100, 30, 150, 0.4698427591118506
1, 1e-06, 100, 50, 50, 0.4383300278650695
1, 1e-06, 100, 50, 100, 0.42951984745738087
1, 1e-06, 100, 50, 150, 0.46034880060783534
1, 1e-06, 10, 3, 50, 0.1832830075465377
1, 1e-06, 10, 3, 100, 0.15963090479219758
1, 1e-06, 10, 3, 150, 0.1653474004739014
1, 1e-06, 10, 10, 50, 0.5328756618252711
1, 1e-06, 10, 10, 100, 0.5185710694023171
1, 1e-06, 10, 10, 150, 0.541981077816471
1, 1e-06, 10, 30, 50, 0.5195058855614194
1, 1e-06, 10, 30, 100, 0.555873113760427
1, 1e-06, 10, 30, 150, 0.5332904404829997
1, 1e-06, 10, 50, 50, 0.4809643925888489
1, 1e-06, 10, 50, 100, 0.5253649918079908
1, 1e-06, 10, 50, 150, 0.5479206603733493
1, 1e-06, 1, 3, 50, 0.16756868769594432
1, 1e-06, 1, 3, 100, 0.18995521028325565
1, 1e-06, 1, 3, 150, 0.16356270892594219
1, 1e-06, 1, 10, 50, 0.5449408082052865
1, 1e-06, 1, 10, 100, 0.5471879932259828
1, 1e-06, 1, 10, 150, 0.5417881411124268
1, 1e-06, 1, 30, 50, 0.5685137468313219
1, 1e-06, 1, 30, 100, 0.5613250002018821
1, 1e-06, 1, 30, 150, 0.5757768279821767
1, 1e-06, 1, 50, 50, 0.5284073966306191
1, 1e-06, 1, 50, 100, 0.5400094062454278
1, 1e-06, 1, 50, 150, 0.5213516505441754
1, 1e-06, 0.1, 3, 50, 0.1724826892061854
1, 1e-06, 0.1, 3, 100, 0.1692458428798125
1, 1e-06, 0.1, 3, 150, 0.17935634146342902
1, 1e-06, 0.1, 10, 50, 0.5425516862550377
1, 1e-06, 0.1, 10, 100, 0.5338908711968857
1, 1e-06, 0.1, 10, 150, 0.5579947205190052
1, 1e-06, 0.1, 30, 50, 0.5630869042332712
1, 1e-06, 0.1, 30, 100, 0.5439206873306385
1, 1e-06, 0.1, 30, 150, 0.5824470610164623
1, 1e-06, 0.1, 50, 50, 0.5097096183116114
1, 1e-06, 0.1, 50, 100, 0.546680571608377
1, 1e-06, 0.1, 50, 150, 0.526813306871693
1, 1e-06, 0.01, 3, 50, 0.1732864712168759
1, 1e-06, 0.01, 3, 100, 0.19404559698396134
1, 1e-06, 0.01, 3, 150, 0.12839746382624243
1, 1e-06, 0.01, 10, 50, 0.519143229391724
1, 1e-06, 0.01, 10, 100, 0.5416425099396274
1, 1e-06, 0.01, 10, 150, 0.5406230041046847
1, 1e-06, 0.01, 30, 50, 0.5808010389939574
1, 1e-06, 0.01, 30, 100, 0.5843775384303476
1, 1e-06, 0.01, 30, 150, 0.5787685345321409
1, 1e-06, 0.01, 50, 50, 0.5278424853709182
1, 1e-06, 0.01, 50, 100, 0.5326190838211884
1, 1e-06, 0.01, 50, 150, 0.5301272163160536
1, 1e-06, 0.001, 3, 50, 0.16267989983669337
1, 1e-06, 0.001, 3, 100, 0.17027522372025017
1, 1e-06, 0.001, 3, 150, 0.18159370791442153
1, 1e-06, 0.001, 10, 50, 0.5232672066395806
1, 1e-06, 0.001, 10, 100, 0.5477421520287663
1, 1e-06, 0.001, 10, 150, 0.53570586956649
1, 1e-06, 0.001, 30, 50, 0.5705405098318599
1, 1e-06, 0.001, 30, 100, 0.5508229731856216
1, 1e-06, 0.001, 30, 150, 0.5802013564570994
1, 1e-06, 0.001, 50, 50, 0.5197702485626327
1, 1e-06, 0.001, 50, 100, 0.5211443329480874
1, 1e-06, 0.001, 50, 150, 0.4836178398968592
0.01, 100, 100, 3, 50, 0.17714331541666098
0.01, 100, 100, 3, 100, 0.16732274997175783
0.01, 100, 100, 3, 150, 0.17920715453607378
0.01, 100, 100, 10, 50, 0.17346666991775408
0.01, 100, 100, 10, 100, 0.17470422049096182
0.01, 100, 100, 10, 150, 0.1966364559819133
0.01, 100, 100, 30, 50, 0.15923157954391254
0.01, 100, 100, 30, 100, 0.17024577728145282
0.01, 100, 100, 30, 150, 0.17526761073488692
0.01, 100, 100, 50, 50, 0.16372605637078572
0.01, 100, 100, 50, 100, 0.1673522637955633
0.01, 100, 100, 50, 150, 0.17570472606682497
0.01, 100, 10, 3, 50, 0.17649465247191615
0.01, 100, 10, 3, 100, 0.17518811622305067
0.01, 100, 10, 3, 150, 0.16674615776100096
0.01, 100, 10, 10, 50, 0.1482725506700694
0.01, 100, 10, 10, 100, 0.13337883097058145
0.01, 100, 10, 10, 150, 0.18300194304557116
0.01, 100, 10, 30, 50, 0.1804811959407535
0.01, 100, 10, 30, 100, 0.18546035247585776
0.01, 100, 10, 30, 150, 0.18781270273897296
0.01, 100, 10, 50, 50, 0.15100617465594915
0.01, 100, 10, 50, 100, 0.18328039571908608
0.01, 100, 10, 50, 150, 0.16957780833845248
0.01, 100, 1, 3, 50, 0.10832866564080687
0.01, 100, 1, 3, 100, 0.09572158144299625
0.01, 100, 1, 3, 150, 0.09779925214246457
0.01, 100, 1, 10, 50, 0.1092580381049964
0.01, 100, 1, 10, 100, 0.07921335048745323
0.01, 100, 1, 10, 150, 0.08330216000644082
0.01, 100, 1, 30, 50, 0.11313456635314453
0.01, 100, 1, 30, 100, 0.10967548589259266
0.01, 100, 1, 30, 150, 0.08680477410352522
0.01, 100, 1, 50, 50, 0.11226593642949018
0.01, 100, 1, 50, 100, 0.0920215586446578
0.01, 100, 1, 50, 150, 0.09422878209216214
0.01, 100, 0.1, 3, 50, 0.03038371406472467
0.01, 100, 0.1, 3, 100, 0.03732469119128426
0.01, 100, 0.1, 3, 150, 0.03606234878961216
0.01, 100, 0.1, 10, 50, 0.034114158524190086
0.01, 100, 0.1, 10, 100, 0.017093922277412448
0.01, 100, 0.1, 10, 150, 0.028539194959003665
0.01, 100, 0.1, 30, 50, 0.03596352328418054
0.01, 100, 0.1, 30, 100, 0.030325785398182325
0.01, 100, 0.1, 30, 150, 0.03238007304675253
0.01, 100, 0.1, 50, 50, 0.036130418646858266
0.01, 100, 0.1, 50, 100, 0.026850485077258148
0.01, 100, 0.1, 50, 150, 0.02443434458632502
0.01, 100, 0.01, 3, 50, 0.024799977525238548
0.01, 100, 0.01, 3, 100, 0.03402660789263246
0.01, 100, 0.01, 3, 150, 0.024773692680109777
0.01, 100, 0.01, 10, 50, 0.02657199846550595
0.01, 100, 0.01, 10, 100, 0.032253640677612425
0.01, 100, 0.01, 10, 150, 0.03612571590088416
0.01, 100, 0.01, 30, 50, 0.034084830931202945
0.01, 100, 0.01, 30, 100, 0.034191290364489785
0.01, 100, 0.01, 30, 150, 0.018957511379264085
0.01, 100, 0.01, 50, 50, 0.02403697982537489
0.01, 100, 0.01, 50, 100, 0.01508706176304023
0.01, 100, 0.01, 50, 150, 0.032333086315171705
0.01, 100, 0.001, 3, 50, 0.03646634255783913
0.01, 100, 0.001, 3, 100, 0.024660198970738928
0.01, 100, 0.001, 3, 150, 0.03602950863026874
0.01, 100, 0.001, 10, 50, 0.03212283032904587
0.01, 100, 0.001, 10, 100, 0.028407385593180078
0.01, 100, 0.001, 10, 150, 0.03227524294819108
0.01, 100, 0.001, 30, 50, 0.03420968882879074
0.01, 100, 0.001, 30, 100, 0.034173013707118644
0.01, 100, 0.001, 30, 150, 0.02466097629840552
0.01, 100, 0.001, 50, 50, 0.03724661187880829
0.01, 100, 0.001, 50, 100, 0.04881005925047178
0.01, 100, 0.001, 50, 150, 0.018922582362551458
0.01, 1, 100, 3, 50, 0.1869781471596673
0.01, 1, 100, 3, 100, 0.1712131976670573
0.01, 1, 100, 3, 150, 0.18254256624431528
0.01, 1, 100, 10, 50, 0.190231299590791
0.01, 1, 100, 10, 100, 0.1721495037754116
0.01, 1, 100, 10, 150, 0.19223005283085975
0.01, 1, 100, 30, 50, 0.23595107652501401
0.01, 1, 100, 30, 100, 0.23620046584397614
0.01, 1, 100, 30, 150, 0.2331366437299198
0.01, 1, 100, 50, 50, 0.23484037135860764
0.01, 1, 100, 50, 100, 0.23991944443930657
0.01, 1, 100, 50, 150, 0.2398999289439426
0.01, 1, 10, 3, 50, 0.17111993754047267
0.01, 1, 10, 3, 100, 0.17253029990990523
0.01, 1, 10, 3, 150, 0.17084758984714732
0.01, 1, 10, 10, 50, 0.1405203194167938
0.01, 1, 10, 10, 100, 0.1654076087989948
0.01, 1, 10, 10, 150, 0.1730138645836587
0.01, 1, 10, 30, 50, 0.1601214879680452
0.01, 1, 10, 30, 100, 0.14450496026335716
0.01, 1, 10, 30, 150, 0.17192381228399142
0.01, 1, 10, 50, 50, 0.18349663227635854
0.01, 1, 10, 50, 100, 0.15256190082645565
0.01, 1, 10, 50, 150, 0.19610649261479826
0.01, 1, 1, 3, 50, 0.1671365479448593
0.01, 1, 1, 3, 100, 0.17605821255841292
0.01, 1, 1, 3, 150, 0.17181730651255672
0.01, 1, 1, 10, 50, 0.17829229914369912
0.01, 1, 1, 10, 100, 0.17161494255860302
0.01, 1, 1, 10, 150, 0.17680904887472676
0.01, 1, 1, 30, 50, 0.18274156675413242
0.01, 1, 1, 30, 100, 0.1336403453979308
0.01, 1, 1, 30, 150, 0.19302399468813047
0.01, 1, 1, 50, 50, 0.16897459313483132
0.01, 1, 1, 50, 100, 0.1877865656804554
0.01, 1, 1, 50, 150, 0.17006580439418953
0.01, 1, 0.1, 3, 50, 0.1120628299066202
0.01, 1, 0.1, 3, 100, 0.10259751696810841
0.01, 1, 0.1, 3, 150, 0.08339330544387748
0.01, 1, 0.1, 10, 50, 0.08481474715402137
0.01, 1, 0.1, 10, 100, 0.10237842753318305
0.01, 1, 0.1, 10, 150, 0.09308931337424854
0.01, 1, 0.1, 30, 50, 0.08885775529485937
0.01, 1, 0.1, 30, 100, 0.11183606139330818
0.01, 1, 0.1, 30, 150, 0.10011581324621746
0.01, 1, 0.1, 50, 50, 0.10930818543955066
0.01, 1, 0.1, 50, 100, 0.0929263890373027
0.01, 1, 0.1, 50, 150, 0.09774777766083828
0.01, 1, 0.01, 3, 50, 0.03775323751240117
0.01, 1, 0.01, 3, 100, 0.02461724515178453
0.01, 1, 0.01, 3, 150, 0.038062367080043215
0.01, 1, 0.01, 10, 50, 0.4218660926947816
0.01, 1, 0.01, 10, 100, 0.43335859792310144
0.01, 1, 0.01, 10, 150, 0.4038440026390201
0.01, 1, 0.01, 30, 50, 0.4165952377683761
0.01, 1, 0.01, 30, 100, 0.42344656164641137
0.01, 1, 0.01, 30, 150, 0.4485454068440026
0.01, 1, 0.01, 50, 50, 0.39711552758989827
0.01, 1, 0.01, 50, 100, 0.4480552711337122
0.01, 1, 0.01, 50, 150, 0.40923288271981223
0.01, 1, 0.001, 3, 50, 0.03039169783297747
0.01, 1, 0.001, 3, 100, 0.03596456642715544
0.01, 1, 0.001, 3, 150, 0.02291987720175133
0.01, 1, 0.001, 10, 50, 0.4204153933240866
0.01, 1, 0.001, 10, 100, 0.4204991054579632
0.01, 1, 0.001, 10, 150, 0.4109172185451842
0.01, 1, 0.001, 30, 50, 0.42779545939343755
0.01, 1, 0.001, 30, 100, 0.41142951232416636
0.01, 1, 0.001, 30, 150, 0.4437118028656151
0.01, 1, 0.001, 50, 50, 0.4192463244718106
0.01, 1, 0.001, 50, 100, 0.41603721573558594
0.01, 1, 0.001, 50, 150, 0.39516204551014344
0.01, 0.01, 100, 3, 50, 0.18055732766964422
0.01, 0.01, 100, 3, 100, 0.15137821503952997
0.01, 0.01, 100, 3, 150, 0.1749653111690792
0.01, 0.01, 100, 10, 50, 0.4190183752240635
0.01, 0.01, 100, 10, 100, 0.45325664061946347
0.01, 0.01, 100, 10, 150, 0.4477192092941226
0.01, 0.01, 100, 30, 50, 0.45640028366106067
0.01, 0.01, 100, 30, 100, 0.46384497390074997
0.01, 0.01, 100, 30, 150, 0.4457869413424372
0.01, 0.01, 100, 50, 50, 0.3868738279450973
0.01, 0.01, 100, 50, 100, 0.43999980756887064
0.01, 0.01, 100, 50, 150, 0.39846238666637696
0.01, 0.01, 10, 3, 50, 0.18470928229456846
0.01, 0.01, 10, 3, 100, 0.15831935699841856
0.01, 0.01, 10, 3, 150, 0.16465187769403783
0.01, 0.01, 10, 10, 50, 0.510742232989942
0.01, 0.01, 10, 10, 100, 0.5102462354995283
0.01, 0.01, 10, 10, 150, 0.4843239919231905
0.01, 0.01, 10, 30, 50, 0.4664419744579443
0.01, 0.01, 10, 30, 100, 0.4379878423297526
0.01, 0.01, 10, 30, 150, 0.4258476652537939
0.01, 0.01, 10, 50, 50, 0.42092752159920044
0.01, 0.01, 10, 50, 100, 0.44859554837725596
0.01, 0.01, 10, 50, 150, 0.4356157135246497
0.01, 0.01, 1, 3, 50, 0.182169792200704
0.01, 0.01, 1, 3, 100, 0.18050262160767033
0.01, 0.01, 1, 3, 150, 0.19190533050513164
0.01, 0.01, 1, 10, 50, 0.39772472502919015
0.01, 0.01, 1, 10, 100, 0.40049548173364763
0.01, 0.01, 1, 10, 150, 0.3958312430307
0.01, 0.01, 1, 30, 50, 0.3642425539850055
0.01, 0.01, 1, 30, 100, 0.3413051662077814
0.01, 0.01, 1, 30, 150, 0.35732365215755896
0.01, 0.01, 1, 50, 50, 0.31806375033730316
0.01, 0.01, 1, 50, 100, 0.3363270650661022
0.01, 0.01, 1, 50, 150, 0.32111984577423874
0.01, 0.01, 0.1, 3, 50, 0.18747398929025585
0.01, 0.01, 0.1, 3, 100, 0.17626639418389417
0.01, 0.01, 0.1, 3, 150, 0.18183776064092963
0.01, 0.01, 0.1, 10, 50, 0.3940093855004409
0.01, 0.01, 0.1, 10, 100, 0.4322789646649309
0.01, 0.01, 0.1, 10, 150, 0.39466564172999
0.01, 0.01, 0.1, 30, 50, 0.35172218862109356
0.01, 0.01, 0.1, 30, 100, 0.3462891753686368
0.01, 0.01, 0.1, 30, 150, 0.34769746213943215
0.01, 0.01, 0.1, 50, 50, 0.32131555294087233
0.01, 0.01, 0.1, 50, 100, 0.3156436479862459
0.01, 0.01, 0.1, 50, 150, 0.3116575043503334
0.01, 0.01, 0.01, 3, 50, 0.1042196254371553
0.01, 0.01, 0.01, 3, 100, 0.11009549129323981
0.01, 0.01, 0.01, 3, 150, 0.1026063439115382
0.01, 0.01, 0.01, 10, 50, 0.3937284951055027
0.01, 0.01, 0.01, 10, 100, 0.41850916326918985
0.01, 0.01, 0.01, 10, 150, 0.42837536113230373
0.01, 0.01, 0.01, 30, 50, 0.351057218999418
0.01, 0.01, 0.01, 30, 100, 0.3570184656162715
0.01, 0.01, 0.01, 30, 150, 0.3469216237792239
0.01, 0.01, 0.01, 50, 50, 0.3403637306363526
0.01, 0.01, 0.01, 50, 100, 0.3271425632672592
0.01, 0.01, 0.01, 50, 150, 0.33137103474155183
0.01, 0.01, 0.001, 3, 50, 0.030382146233038566
0.01, 0.01, 0.001, 3, 100, 0.0341409692744076
0.01, 0.01, 0.001, 3, 150, 0.03439482569686416
0.01, 0.01, 0.001, 10, 50, 0.39849859228159024
0.01, 0.01, 0.001, 10, 100, 0.40336424229630097
0.01, 0.01, 0.001, 10, 150, 0.43647797625704776
0.01, 0.01, 0.001, 30, 50, 0.34726839686698824
0.01, 0.01, 0.001, 30, 100, 0.3407918519335347
0.01, 0.01, 0.001, 30, 150, 0.36015494908164813
0.01, 0.01, 0.001, 50, 50, 0.3149825973486975
0.01, 0.01, 0.001, 50, 100, 0.3234486034379771
0.01, 0.01, 0.001, 50, 150, 0.31197331047925614
0.01, 0.0001, 100, 3, 50, 0.161552286063071
0.01, 0.0001, 100, 3, 100, 0.19191890087383442
0.01, 0.0001, 100, 3, 150, 0.17695786596599286
0.01, 0.0001, 100, 10, 50, 0.23012491490374196
0.01, 0.0001, 100, 10, 100, 0.30574035938151956
0.01, 0.0001, 100, 10, 150, 0.3342298449804214
0.01, 0.0001, 100, 30, 50, 0.4425117077116849
0.01, 0.0001, 100, 30, 100, 0.4585411776204433
0.01, 0.0001, 100, 30, 150, 0.4088363188743764
0.01, 0.0001, 100, 50, 50, 0.45653697885680006
0.01, 0.0001, 100, 50, 100, 0.4555337874121737
0.01, 0.0001, 100, 50, 150, 0.46285373139013397
0.01, 0.0001, 10, 3, 50, 0.1736858654854627
0.01, 0.0001, 10, 3, 100, 0.17768570349693324
0.01, 0.0001, 10, 3, 150, 0.15926605122085377
0.01, 0.0001, 10, 10, 50, 0.46467763596924544
0.01, 0.0001, 10, 10, 100, 0.46527701326672394
0.01, 0.0001, 10, 10, 150, 0.4726110461487436
0.01, 0.0001, 10, 30, 50, 0.42528444218674244
0.01, 0.0001, 10, 30, 100, 0.42210118585295286
0.01, 0.0001, 10, 30, 150, 0.4116776915611508
0.01, 0.0001, 10, 50, 50, 0.43808652674136234
0.01, 0.0001, 10, 50, 100, 0.4080311227878517
0.01, 0.0001, 10, 50, 150, 0.4135962527826498
0.01, 0.0001, 1, 3, 50, 0.16128665534852074
0.01, 0.0001, 1, 3, 100, 0.168144952445224
0.01, 0.0001, 1, 3, 150, 0.15750622245203139
0.01, 0.0001, 1, 10, 50, 0.437572664692214
0.01, 0.0001, 1, 10, 100, 0.41863939586608234
0.01, 0.0001, 1, 10, 150, 0.43279433124082606
0.01, 0.0001, 1, 30, 50, 0.35109574534761684
0.01, 0.0001, 1, 30, 100, 0.3663540839519525
0.01, 0.0001, 1, 30, 150, 0.35753352997862575
0.01, 0.0001, 1, 50, 50, 0.3515959276171703
0.01, 0.0001, 1, 50, 100, 0.3484628259330282
0.01, 0.0001, 1, 50, 150, 0.31863042756342863
0.01, 0.0001, 0.1, 3, 50, 0.1780741027512588
0.01, 0.0001, 0.1, 3, 100, 0.18675286981560318
0.01, 0.0001, 0.1, 3, 150, 0.17649433975947568
0.01, 0.0001, 0.1, 10, 50, 0.40121382291156193
0.01, 0.0001, 0.1, 10, 100, 0.39509843165214564
0.01, 0.0001, 0.1, 10, 150, 0.41402247805147563
0.01, 0.0001, 0.1, 30, 50, 0.37034052414725716
0.01, 0.0001, 0.1, 30, 100, 0.3505236834831186
0.01, 0.0001, 0.1, 30, 150, 0.31680931108151966
0.01, 0.0001, 0.1, 50, 50, 0.32092206823535574
0.01, 0.0001, 0.1, 50, 100, 0.30038919503692335
0.01, 0.0001, 0.1, 50, 150, 0.30595415696196865
0.01, 0.0001, 0.01, 3, 50, 0.19490986800429044
0.01, 0.0001, 0.01, 3, 100, 0.1752918115163102
0.01, 0.0001, 0.01, 3, 150, 0.1652375415954942
0.01, 0.0001, 0.01, 10, 50, 0.3695440696092664
0.01, 0.0001, 0.01, 10, 100, 0.3915273896339895
0.01, 0.0001, 0.01, 10, 150, 0.4074386305744705
0.01, 0.0001, 0.01, 30, 50, 0.3358095627483968
0.01, 0.0001, 0.01, 30, 100, 0.363142971341397
0.01, 0.0001, 0.01, 30, 150, 0.36250303041329873
0.01, 0.0001, 0.01, 50, 50, 0.3046927975595745
0.01, 0.0001, 0.01, 50, 100, 0.26769489582309
0.01, 0.0001, 0.01, 50, 150, 0.3003862657715782
0.01, 0.0001, 0.001, 3, 50, 0.11889428033412372
0.01, 0.0001, 0.001, 3, 100, 0.09889730573651885
0.01, 0.0001, 0.001, 3, 150, 0.09585503929210645
0.01, 0.0001, 0.001, 10, 50, 0.40311459898311874
0.01, 0.0001, 0.001, 10, 100, 0.4072983633496719
0.01, 0.0001, 0.001, 10, 150, 0.41772090098955594
0.01, 0.0001, 0.001, 30, 50, 0.35381676558135916
0.01, 0.0001, 0.001, 30, 100, 0.35628938062971904
0.01, 0.0001, 0.001, 30, 150, 0.37425584817653534
0.01, 0.0001, 0.001, 50, 50, 0.2786530017559453
0.01, 0.0001, 0.001, 50, 100, 0.2978660177994654
0.01, 0.0001, 0.001, 50, 150, 0.31163941832309716
0.01, 1e-06, 100, 3, 50, 0.17491570673882198
0.01, 1e-06, 100, 3, 100, 0.1536431424566828
0.01, 1e-06, 100, 3, 150, 0.1647139271019613
0.01, 1e-06, 100, 10, 50, 0.4070520444804351
0.01, 1e-06, 100, 10, 100, 0.46279450372076136
0.01, 1e-06, 100, 10, 150, 0.45335376943957456
0.01, 1e-06, 100, 30, 50, 0.4810816221860887
0.01, 1e-06, 100, 30, 100, 0.4662599875138846
0.01, 1e-06, 100, 30, 150, 0.4570349245027032
0.01, 1e-06, 100, 50, 50, 0.4774696749873452
0.01, 1e-06, 100, 50, 100, 0.4852126420363566
0.01, 1e-06, 100, 50, 150, 0.45011309529986593
0.01, 1e-06, 10, 3, 50, 0.178760447731535
0.01, 1e-06, 10, 3, 100, 0.15348158012606838
0.01, 1e-06, 10, 3, 150, 0.18749521264532937
0.01, 1e-06, 10, 10, 50, 0.45088459500260747
0.01, 1e-06, 10, 10, 100, 0.4516902447365619
0.01, 1e-06, 10, 10, 150, 0.4176384215899078
0.01, 1e-06, 10, 30, 50, 0.4398072688221761
0.01, 1e-06, 10, 30, 100, 0.39317705415539933
0.01, 1e-06, 10, 30, 150, 0.4096729395770252
0.01, 1e-06, 10, 50, 50, 0.435073124416531
0.01, 1e-06, 10, 50, 100, 0.3855388036270867
0.01, 1e-06, 10, 50, 150, 0.401808723922342
0.01, 1e-06, 1, 3, 50, 0.1508907065652248
0.01, 1e-06, 1, 3, 100, 0.18263516003761127
0.01, 1e-06, 1, 3, 150, 0.16120693966238633
0.01, 1e-06, 1, 10, 50, 0.41949552536251944
0.01, 1e-06, 1, 10, 100, 0.41867874056265414
0.01, 1e-06, 1, 10, 150, 0.4173829315739894
0.01, 1e-06, 1, 30, 50, 0.35658793549286166
0.01, 1e-06, 1, 30, 100, 0.39529596667799394
0.01, 1e-06, 1, 30, 150, 0.3589930266565153
0.01, 1e-06, 1, 50, 50, 0.3436313478251997
0.01, 1e-06, 1, 50, 100, 0.3324763801053361
0.01, 1e-06, 1, 50, 150, 0.34185278493817534
0.01, 1e-06, 0.1, 3, 50, 0.17196983414061554
0.01, 1e-06, 0.1, 3, 100, 0.1581158196434337
0.01, 1e-06, 0.1, 3, 150, 0.1612532433855534
0.01, 1e-06, 0.1, 10, 50, 0.3945038424648834
0.01, 1e-06, 0.1, 10, 100, 0.4314117326209967
0.01, 1e-06, 0.1, 10, 150, 0.4170925441996871
0.01, 1e-06, 0.1, 30, 50, 0.36120498542406226
0.01, 1e-06, 0.1, 30, 100, 0.37262728393124084
0.01, 1e-06, 0.1, 30, 150, 0.3609814658239452
0.01, 1e-06, 0.1, 50, 50, 0.3068774259926546
0.01, 1e-06, 0.1, 50, 100, 0.31057901922987313
0.01, 1e-06, 0.1, 50, 150, 0.3038931353907624
0.01, 1e-06, 0.01, 3, 50, 0.16384716789930662
0.01, 1e-06, 0.01, 3, 100, 0.15024681242690704
0.01, 1e-06, 0.01, 3, 150, 0.18204881386794533
0.01, 1e-06, 0.01, 10, 50, 0.39888109093614005
0.01, 1e-06, 0.01, 10, 100, 0.4193278456862934
0.01, 1e-06, 0.01, 10, 150, 0.4108379189975728
0.01, 1e-06, 0.01, 30, 50, 0.3251099106904147
0.01, 1e-06, 0.01, 30, 100, 0.3770220912304466
0.01, 1e-06, 0.01, 30, 150, 0.35650343601510337
0.01, 1e-06, 0.01, 50, 50, 0.3248451663119593
0.01, 1e-06, 0.01, 50, 100, 0.3031122021638117
0.01, 1e-06, 0.01, 50, 150, 0.3042921817237333
0.01, 1e-06, 0.001, 3, 50, 0.16988235954456285
0.01, 1e-06, 0.001, 3, 100, 0.16785820722731135
0.01, 1e-06, 0.001, 3, 150, 0.18299893936480635
0.01, 1e-06, 0.001, 10, 50, 0.41994003206087505
0.01, 1e-06, 0.001, 10, 100, 0.4058705576244722
0.01, 1e-06, 0.001, 10, 150, 0.44621747355917457
0.01, 1e-06, 0.001, 30, 50, 0.3697516199351454
0.01, 1e-06, 0.001, 30, 100, 0.3180736100483368
0.01, 1e-06, 0.001, 30, 150, 0.3417983680476444
0.01, 1e-06, 0.001, 50, 50, 0.32696191509808514
0.01, 1e-06, 0.001, 50, 100, 0.3000017256183665
0.01, 1e-06, 0.001, 50, 150, 0.2701663579740602
0.0001, 100, 100, 3, 50, 0.16913081611955197
0.0001, 100, 100, 3, 100, 0.17321420743246613
0.0001, 100, 100, 3, 150, 0.17926137441002557
0.0001, 100, 100, 10, 50, 0.16165742033735078
0.0001, 100, 100, 10, 100, 0.17664535601164796
0.0001, 100, 100, 10, 150, 0.17494071463426525
0.0001, 100, 100, 30, 50, 0.16271270463354884
0.0001, 100, 100, 30, 100, 0.16444254195344407
0.0001, 100, 100, 30, 150, 0.17622342744416197
0.0001, 100, 100, 50, 50, 0.16240997961318512
0.0001, 100, 100, 50, 100, 0.17307819263107901
0.0001, 100, 100, 50, 150, 0.1762580955502021
0.0001, 100, 10, 3, 50, 0.17370625643184479
0.0001, 100, 10, 3, 100, 0.17681272896346623
0.0001, 100, 10, 3, 150, 0.15084814227888826
0.0001, 100, 10, 10, 50, 0.1875860482254948
0.0001, 100, 10, 10, 100, 0.17410828453648247
0.0001, 100, 10, 10, 150, 0.16687673908343417
0.0001, 100, 10, 30, 50, 0.16238686543539024
0.0001, 100, 10, 30, 100, 0.16572288623750325
0.0001, 100, 10, 30, 150, 0.17944893172137225
0.0001, 100, 10, 50, 50, 0.17494573332757973
0.0001, 100, 10, 50, 100, 0.1687934343423568
0.0001, 100, 10, 50, 150, 0.13974060702980384
0.0001, 100, 1, 3, 50, 0.10323894695132095
0.0001, 100, 1, 3, 100, 0.10612638539899688
0.0001, 100, 1, 3, 150, 0.09818928290794494
0.0001, 100, 1, 10, 50, 0.10816305370954529
0.0001, 100, 1, 10, 100, 0.09529987122453458
0.0001, 100, 1, 10, 150, 0.10969289155520602
0.0001, 100, 1, 30, 50, 0.09005503583026918
0.0001, 100, 1, 30, 100, 0.08377309611264588
0.0001, 100, 1, 30, 150, 0.09983730416566872
0.0001, 100, 1, 50, 50, 0.08531322953754315
0.0001, 100, 1, 50, 100, 0.10004501896946963
0.0001, 100, 1, 50, 150, 0.1067603748070767
0.0001, 100, 0.1, 3, 50, 0.032454385837556145
0.0001, 100, 0.1, 3, 100, 0.03612730625468484
0.0001, 100, 0.1, 3, 150, 0.032153366325292636
0.0001, 100, 0.1, 10, 50, 0.026529371986397588
0.0001, 100, 0.1, 10, 100, 0.026594603198877943
0.0001, 100, 0.1, 10, 150, 0.03594259970718162
0.0001, 100, 0.1, 30, 50, 0.030329946186075943
0.0001, 100, 0.1, 30, 100, 0.03404273413958597
0.0001, 100, 0.1, 30, 150, 0.024508237724091587
0.0001, 100, 0.1, 50, 50, 0.03716967557989397
0.0001, 100, 0.1, 50, 100, 0.05312821849760591
0.0001, 100, 0.1, 50, 150, 0.030190687217569505
0.0001, 100, 0.01, 3, 50, 0.03044675838039539
0.0001, 100, 0.01, 3, 100, 0.021062508666264912
0.0001, 100, 0.01, 3, 150, 0.02468356673216487
0.0001, 100, 0.01, 10, 50, 0.026536037394578695
0.0001, 100, 0.01, 10, 100, 0.03610066816235056
0.0001, 100, 0.01, 10, 150, 0.02668688707899551
0.0001, 100, 0.01, 30, 50, 0.032281306667314734
0.0001, 100, 0.01, 30, 100, 0.024746898392168083
0.0001, 100, 0.01, 30, 150, 0.03032417091260548
0.0001, 100, 0.01, 50, 50, 0.039192694831935354
0.0001, 100, 0.01, 50, 100, 0.03978907624761896
0.0001, 100, 0.01, 50, 150, 0.028556063102536375
0.0001, 100, 0.001, 3, 50, 0.02461540969536197
0.0001, 100, 0.001, 3, 100, 0.03230884246649015
0.0001, 100, 0.001, 3, 150, 0.043490101848109836
0.0001, 100, 0.001, 10, 50, 0.026489544331682723
0.0001, 100, 0.001, 10, 100, 0.020887805740240253
0.0001, 100, 0.001, 10, 150, 0.02285128728436089
0.0001, 100, 0.001, 30, 50, 0.028412526635808687
0.0001, 100, 0.001, 30, 100, 0.022698705505393657
0.0001, 100, 0.001, 30, 150, 0.026597171050418207
0.0001, 100, 0.001, 50, 50, 0.03528710901463435
0.0001, 100, 0.001, 50, 100, 0.018936434808904442
0.0001, 100, 0.001, 50, 150, 0.030526192111490612
0.0001, 1, 100, 3, 50, 0.18852712209787761
0.0001, 1, 100, 3, 100, 0.18986910115338798
0.0001, 1, 100, 3, 150, 0.17006643386331938
0.0001, 1, 100, 10, 50, 0.17801865107089754
0.0001, 1, 100, 10, 100, 0.15079258039005253
0.0001, 1, 100, 10, 150, 0.1681488988352129
0.0001, 1, 100, 30, 50, 0.1815258454516927
0.0001, 1, 100, 30, 100, 0.17051824832119128
0.0001, 1, 100, 30, 150, 0.1888280243131694
0.0001, 1, 100, 50, 50, 0.1705305257634458
0.0001, 1, 100, 50, 100, 0.15606083024080414
0.0001, 1, 100, 50, 150, 0.18815922356291423
0.0001, 1, 10, 3, 50, 0.1787838143466348
0.0001, 1, 10, 3, 100, 0.15803239537979472
0.0001, 1, 10, 3, 150, 0.14564459768043217
0.0001, 1, 10, 10, 50, 0.1733362122511685
0.0001, 1, 10, 10, 100, 0.1394962779409811
0.0001, 1, 10, 10, 150, 0.18257902722457017
0.0001, 1, 10, 30, 50, 0.18165771082139437
0.0001, 1, 10, 30, 100, 0.15500854686806556
0.0001, 1, 10, 30, 150, 0.1587535450003811
0.0001, 1, 10, 50, 50, 0.17823794521673225
0.0001, 1, 10, 50, 100, 0.18160912507775087
0.0001, 1, 10, 50, 150, 0.18192792964300566
0.0001, 1, 1, 3, 50, 0.1818512637581815
0.0001, 1, 1, 3, 100, 0.19211586860017152
0.0001, 1, 1, 3, 150, 0.1507738354282394
0.0001, 1, 1, 10, 50, 0.17930882922952826
0.0001, 1, 1, 10, 100, 0.1595678500528546
0.0001, 1, 1, 10, 150, 0.18703358024250924
0.0001, 1, 1, 30, 50, 0.19295982533950234
0.0001, 1, 1, 30, 100, 0.18298681595942834
0.0001, 1, 1, 30, 150, 0.15921751510508733
0.0001, 1, 1, 50, 50, 0.15861919215010128
0.0001, 1, 1, 50, 100, 0.18507031752619027
0.0001, 1, 1, 50, 150, 0.17886209308338266
0.0001, 1, 0.1, 3, 50, 0.10260178414196286
0.0001, 1, 0.1, 3, 100, 0.07972699861932231
0.0001, 1, 0.1, 3, 150, 0.11527186360406078
0.0001, 1, 0.1, 10, 50, 0.09405056021006247
0.0001, 1, 0.1, 10, 100, 0.09399116109624972
0.0001, 1, 0.1, 10, 150, 0.08045643586768353
0.0001, 1, 0.1, 30, 50, 0.11735030334062055
0.0001, 1, 0.1, 30, 100, 0.111841381123015
0.0001, 1, 0.1, 30, 150, 0.0979089473774292
0.0001, 1, 0.1, 50, 50, 0.10753588098142323
0.0001, 1, 0.1, 50, 100, 0.11027852817929673
0.0001, 1, 0.1, 50, 150, 0.11572383601549122
0.0001, 1, 0.01, 3, 50, 0.028743829976762277
0.0001, 1, 0.01, 3, 100, 0.03712876953364316
0.0001, 1, 0.01, 3, 150, 0.032174723868211054
0.0001, 1, 0.01, 10, 50, 0.030267092898492103
0.0001, 1, 0.01, 10, 100, 0.030372876972865073
0.0001, 1, 0.01, 10, 150, 0.033412120620507905
0.0001, 1, 0.01, 30, 50, 0.03544439368089936
0.0001, 1, 0.01, 30, 100, 0.026543445841699355
0.0001, 1, 0.01, 30, 150, 0.03788960814265539
0.0001, 1, 0.01, 50, 50, 0.03412646011696865
0.0001, 1, 0.01, 50, 100, 0.02850117358690376
0.0001, 1, 0.01, 50, 150, 0.026555848782272767
0.0001, 1, 0.001, 3, 50, 0.03974591088574476
0.0001, 1, 0.001, 3, 100, 0.033394064521066795
0.0001, 1, 0.001, 3, 150, 0.028617217668595926
0.0001, 1, 0.001, 10, 50, 0.0361587691806843
0.0001, 1, 0.001, 10, 100, 0.020870869040129518
0.0001, 1, 0.001, 10, 150, 0.035944942020328476
0.0001, 1, 0.001, 30, 50, 0.028191068463906635
0.0001, 1, 0.001, 30, 100, 0.028466451652674057
0.0001, 1, 0.001, 30, 150, 0.02668960755229024
0.0001, 1, 0.001, 50, 50, 0.03619732379643658
0.0001, 1, 0.001, 50, 100, 0.02652059138828569
0.0001, 1, 0.001, 50, 150, 0.024667917530985232
0.0001, 0.01, 100, 3, 50, 0.19958921591630832
0.0001, 0.01, 100, 3, 100, 0.17527015234829665
0.0001, 0.01, 100, 3, 150, 0.18063378795035498
0.0001, 0.01, 100, 10, 50, 0.16271166001261597
0.0001, 0.01, 100, 10, 100, 0.19798911282942577
0.0001, 0.01, 100, 10, 150, 0.18919632671517628
0.0001, 0.01, 100, 30, 50, 0.15745421577542168
0.0001, 0.01, 100, 30, 100, 0.19745312367065598
0.0001, 0.01, 100, 30, 150, 0.18523271417191972
0.0001, 0.01, 100, 50, 50, 0.18169071362539935
0.0001, 0.01, 100, 50, 100, 0.18309977016998705
0.0001, 0.01, 100, 50, 150, 0.18751851488751664
0.0001, 0.01, 10, 3, 50, 0.1597014789919371
0.0001, 0.01, 10, 3, 100, 0.17576545856139508
0.0001, 0.01, 10, 3, 150, 0.14577590621034087
0.0001, 0.01, 10, 10, 50, 0.16874737180495816
0.0001, 0.01, 10, 10, 100, 0.19478694199120755
0.0001, 0.01, 10, 10, 150, 0.1766853163901157
0.0001, 0.01, 10, 30, 50, 0.15402593357838584
0.0001, 0.01, 10, 30, 100, 0.15799788226954126
0.0001, 0.01, 10, 30, 150, 0.19807062531573677
0.0001, 0.01, 10, 50, 50, 0.15056570493353094
0.0001, 0.01, 10, 50, 100, 0.19232228174888202
0.0001, 0.01, 10, 50, 150, 0.17646855859293845
0.0001, 0.01, 1, 3, 50, 0.20365949888312643
0.0001, 0.01, 1, 3, 100, 0.15573790010879365
0.0001, 0.01, 1, 3, 150, 0.1594831126050577
0.0001, 0.01, 1, 10, 50, 0.1564321408064769
0.0001, 0.01, 1, 10, 100, 0.17201217686979342
0.0001, 0.01, 1, 10, 150, 0.17478121184680137
0.0001, 0.01, 1, 30, 50, 0.1792860494802826
0.0001, 0.01, 1, 30, 100, 0.17038941939095906
0.0001, 0.01, 1, 30, 150, 0.16632806901869227
0.0001, 0.01, 1, 50, 50, 0.160696511934284
0.0001, 0.01, 1, 50, 100, 0.19600852024598606
0.0001, 0.01, 1, 50, 150, 0.16708803269175765
0.0001, 0.01, 0.1, 3, 50, 0.1952863817760853
0.0001, 0.01, 0.1, 3, 100, 0.16431714249444127
0.0001, 0.01, 0.1, 3, 150, 0.17741028787395302
0.0001, 0.01, 0.1, 10, 50, 0.17165965861904794
0.0001, 0.01, 0.1, 10, 100, 0.18020472838207607
0.0001, 0.01, 0.1, 10, 150, 0.18002006980621235
0.0001, 0.01, 0.1, 30, 50, 0.1697406199219809
0.0001, 0.01, 0.1, 30, 100, 0.17768153943009957
0.0001, 0.01, 0.1, 30, 150, 0.17660196170582498
0.0001, 0.01, 0.1, 50, 50, 0.17936950404985658
0.0001, 0.01, 0.1, 50, 100, 0.1832925584502981
0.0001, 0.01, 0.1, 50, 150, 0.18082082810560773
0.0001, 0.01, 0.01, 3, 50, 0.1050834674475859
0.0001, 0.01, 0.01, 3, 100, 0.09708534700325197
0.0001, 0.01, 0.01, 3, 150, 0.09077317317789564
0.0001, 0.01, 0.01, 10, 50, 0.10682116032295116
0.0001, 0.01, 0.01, 10, 100, 0.0791574783984265
0.0001, 0.01, 0.01, 10, 150, 0.10486903538822581
0.0001, 0.01, 0.01, 30, 50, 0.08997641566150366
0.0001, 0.01, 0.01, 30, 100, 0.09587813175516591
0.0001, 0.01, 0.01, 30, 150, 0.07757706375726164
0.0001, 0.01, 0.01, 50, 50, 0.08544509400365943
0.0001, 0.01, 0.01, 50, 100, 0.09240308266158764
0.0001, 0.01, 0.01, 50, 150, 0.08648610607415846
0.0001, 0.01, 0.001, 3, 50, 0.04156510215679108
0.0001, 0.01, 0.001, 3, 100, 0.037864742926042305
0.0001, 0.01, 0.001, 3, 150, 0.02382691201478128
0.0001, 0.01, 0.001, 10, 50, 0.41996203950009053
0.0001, 0.01, 0.001, 10, 100, 0.42898324819326467
0.0001, 0.01, 0.001, 10, 150, 0.4170676393869159
0.0001, 0.01, 0.001, 30, 50, 0.4345073560395013
0.0001, 0.01, 0.001, 30, 100, 0.43884060053014795
0.0001, 0.01, 0.001, 30, 150, 0.4244417107742408
0.0001, 0.01, 0.001, 50, 50, 0.41445264608457927
0.0001, 0.01, 0.001, 50, 100, 0.4144309971254235
0.0001, 0.01, 0.001, 50, 150, 0.4098352947369527
0.0001, 0.0001, 100, 3, 50, 0.16261748504442428
0.0001, 0.0001, 100, 3, 100, 0.17071724458863766
0.0001, 0.0001, 100, 3, 150, 0.1727768909039385
0.0001, 0.0001, 100, 10, 50, 0.4368982050494037
0.0001, 0.0001, 100, 10, 100, 0.4508676616166602
0.0001, 0.0001, 100, 10, 150, 0.44393795406829584
0.0001, 0.0001, 100, 30, 50, 0.4737088488792454
0.0001, 0.0001, 100, 30, 100, 0.4447608311755377
0.0001, 0.0001, 100, 30, 150, 0.49532655693316785
0.0001, 0.0001, 100, 50, 50, 0.48205319573144356
0.0001, 0.0001, 100, 50, 100, 0.4743913692717074
0.0001, 0.0001, 100, 50, 150, 0.4926426293234398
0.0001, 0.0001, 10, 3, 50, 0.16118639259117226
0.0001, 0.0001, 10, 3, 100, 0.16443314708379111
0.0001, 0.0001, 10, 3, 150, 0.1711919670867592
0.0001, 0.0001, 10, 10, 50, 0.4466918154838481
0.0001, 0.0001, 10, 10, 100, 0.40006414147022507
0.0001, 0.0001, 10, 10, 150, 0.34864315077524133
0.0001, 0.0001, 10, 30, 50, 0.3707383025466742
0.0001, 0.0001, 10, 30, 100, 0.3342342646192264
0.0001, 0.0001, 10, 30, 150, 0.3100557217134363
0.0001, 0.0001, 10, 50, 50, 0.3793919894497052
0.0001, 0.0001, 10, 50, 100, 0.3431438545077984
0.0001, 0.0001, 10, 50, 150, 0.3006784833543934
0.0001, 0.0001, 1, 3, 50, 0.16877357572615848
0.0001, 0.0001, 1, 3, 100, 0.17699020333566334
0.0001, 0.0001, 1, 3, 150, 0.12723826584676773
0.0001, 0.0001, 1, 10, 50, 0.37085233525710604
0.0001, 0.0001, 1, 10, 100, 0.42787864348984295
0.0001, 0.0001, 1, 10, 150, 0.4477223285165388
0.0001, 0.0001, 1, 30, 50, 0.3572624393553263
0.0001, 0.0001, 1, 30, 100, 0.41207497269785587
0.0001, 0.0001, 1, 30, 150, 0.4121945192888199
0.0001, 0.0001, 1, 50, 50, 0.35688862864887816
0.0001, 0.0001, 1, 50, 100, 0.376237241178544
0.0001, 0.0001, 1, 50, 150, 0.4161039862613059
0.0001, 0.0001, 0.1, 3, 50, 0.17048655061754822
0.0001, 0.0001, 0.1, 3, 100, 0.19292147536478818
0.0001, 0.0001, 0.1, 3, 150, 0.16164508816675277
0.0001, 0.0001, 0.1, 10, 50, 0.3494617762562718
0.0001, 0.0001, 0.1, 10, 100, 0.37520167757753087
0.0001, 0.0001, 0.1, 10, 150, 0.35168663297471964
0.0001, 0.0001, 0.1, 30, 50, 0.34949698959450165
0.0001, 0.0001, 0.1, 30, 100, 0.3499910348880242
0.0001, 0.0001, 0.1, 30, 150, 0.3144313764931887
0.0001, 0.0001, 0.1, 50, 50, 0.3524999223709884
0.0001, 0.0001, 0.1, 50, 100, 0.3651387348780471
0.0001, 0.0001, 0.1, 50, 150, 0.36656958966812864
0.0001, 0.0001, 0.01, 3, 50, 0.16724168895472438
0.0001, 0.0001, 0.01, 3, 100, 0.16837328351459088
0.0001, 0.0001, 0.01, 3, 150, 0.16367366957277737
0.0001, 0.0001, 0.01, 10, 50, 0.3155555979747846
0.0001, 0.0001, 0.01, 10, 100, 0.35778757274228395
0.0001, 0.0001, 0.01, 10, 150, 0.3699592213136141
0.0001, 0.0001, 0.01, 30, 50, 0.36877845130401554
0.0001, 0.0001, 0.01, 30, 100, 0.3486010125796677
0.0001, 0.0001, 0.01, 30, 150, 0.3610156023095141
0.0001, 0.0001, 0.01, 50, 50, 0.37355094546337897
0.0001, 0.0001, 0.01, 50, 100, 0.3538127517151044
0.0001, 0.0001, 0.01, 50, 150, 0.3376557227791227
0.0001, 0.0001, 0.001, 3, 50, 0.09631169532137179
0.0001, 0.0001, 0.001, 3, 100, 0.1030564361291909
0.0001, 0.0001, 0.001, 3, 150, 0.09108125801462545
0.0001, 0.0001, 0.001, 10, 50, 0.3838438965357848
0.0001, 0.0001, 0.001, 10, 100, 0.3759336607041538
0.0001, 0.0001, 0.001, 10, 150, 0.3771635563073091
0.0001, 0.0001, 0.001, 30, 50, 0.3784460177568911
0.0001, 0.0001, 0.001, 30, 100, 0.36868474933846557
0.0001, 0.0001, 0.001, 30, 150, 0.3408483393759382
0.0001, 0.0001, 0.001, 50, 50, 0.36312338950492645
0.0001, 0.0001, 0.001, 50, 100, 0.34209715586811046
0.0001, 0.0001, 0.001, 50, 150, 0.3650738774585844
0.0001, 1e-06, 100, 3, 50, 0.15382706485135686
0.0001, 1e-06, 100, 3, 100, 0.18706762109406314
0.0001, 1e-06, 100, 3, 150, 0.1872996223404953
0.0001, 1e-06, 100, 10, 50, 0.44117842024443965
0.0001, 1e-06, 100, 10, 100, 0.41601874823973156
0.0001, 1e-06, 100, 10, 150, 0.45426960993570037
0.0001, 1e-06, 100, 30, 50, 0.3932532725603701
0.0001, 1e-06, 100, 30, 100, 0.4295382644344857
0.0001, 1e-06, 100, 30, 150, 0.4195023668034932
0.0001, 1e-06, 100, 50, 50, 0.40457931965037736
0.0001, 1e-06, 100, 50, 100, 0.37783581550975753
0.0001, 1e-06, 100, 50, 150, 0.36274229030275634
0.0001, 1e-06, 10, 3, 50, 0.1766098146694008
0.0001, 1e-06, 10, 3, 100, 0.1521106495639993
0.0001, 1e-06, 10, 3, 150, 0.19037361703593747
0.0001, 1e-06, 10, 10, 50, 0.4043191005862432
0.0001, 1e-06, 10, 10, 100, 0.43391241007316284
0.0001, 1e-06, 10, 10, 150, 0.4743636259190048
0.0001, 1e-06, 10, 30, 50, 0.401234614826544
0.0001, 1e-06, 10, 30, 100, 0.4130017746066079
0.0001, 1e-06, 10, 30, 150, 0.4691300415259413
0.0001, 1e-06, 10, 50, 50, 0.3908209014967737
0.0001, 1e-06, 10, 50, 100, 0.40349522629101886
0.0001, 1e-06, 10, 50, 150, 0.380796794500782
0.0001, 1e-06, 1, 3, 50, 0.16842975365803387
0.0001, 1e-06, 1, 3, 100, 0.1898471853603674
0.0001, 1e-06, 1, 3, 150, 0.14567598909697657
0.0001, 1e-06, 1, 10, 50, 0.4073866717667404
0.0001, 1e-06, 1, 10, 100, 0.3872136223133517
0.0001, 1e-06, 1, 10, 150, nan
0.0001, 1e-06, 1, 30, 50, 0.3674451824384387
0.0001, 1e-06, 1, 30, 100, 0.3261042191261769
0.0001, 1e-06, 1, 30, 150, 0.294557265425049
0.0001, 1e-06, 1, 50, 50, 0.385219344922769
0.0001, 1e-06, 1, 50, 100, 0.2999191473605659
0.0001, 1e-06, 1, 50, 150, 0.29814003421925805
0.0001, 1e-06, 0.1, 3, 50, 0.1597597458996398
0.0001, 1e-06, 0.1, 3, 100, 0.16957844327581792
0.0001, 1e-06, 0.1, 3, 150, 0.1580184777681817
0.0001, 1e-06, 0.1, 10, 50, 0.3501167031381069
0.0001, 1e-06, 0.1, 10, 100, nan
0.0001, 1e-06, 0.1, 10, 150, nan
0.0001, 1e-06, 0.1, 30, 50, 0.3663932731090302
0.0001, 1e-06, 0.1, 30, 100, nan
0.0001, 1e-06, 0.1, 30, 150, nan
0.0001, 1e-06, 0.1, 50, 50, 0.313692278008014
0.0001, 1e-06, 0.1, 50, 100, 0.3145653688603484
0.0001, 1e-06, 0.1, 50, 150, 0.28381410824686143
0.0001, 1e-06, 0.01, 3, 50, 0.14882668400650145
0.0001, 1e-06, 0.01, 3, 100, 0.15793876108295085
0.0001, 1e-06, 0.01, 3, 150, 0.17570801179340165
0.0001, 1e-06, 0.01, 10, 50, nan
0.0001, 1e-06, 0.01, 10, 100, nan
0.0001, 1e-06, 0.01, 10, 150, nan
0.0001, 1e-06, 0.01, 30, 50, 0.33457635121471546
0.0001, 1e-06, 0.01, 30, 100, 0.34839403441517014
0.0001, 1e-06, 0.01, 30, 150, nan
0.0001, 1e-06, 0.01, 50, 50, 0.3365389346032523
0.0001, 1e-06, 0.01, 50, 100, 0.31032864981107616
0.0001, 1e-06, 0.01, 50, 150, 0.3167544717724324
0.0001, 1e-06, 0.001, 3, 50, 0.14561985363308336
0.0001, 1e-06, 0.001, 3, 100, 0.17879982920662896
0.0001, 1e-06, 0.001, 3, 150, 0.1708155064708478
0.0001, 1e-06, 0.001, 10, 50, 0.3539013180035666
0.0001, 1e-06, 0.001, 10, 100, nan
0.0001, 1e-06, 0.001, 10, 150, nan
0.0001, 1e-06, 0.001, 30, 50, 0.33799517050269023
0.0001, 1e-06, 0.001, 30, 100, nan
0.0001, 1e-06, 0.001, 30, 150, nan
0.0001, 1e-06, 0.001, 50, 50, 0.3750143277725206
0.0001, 1e-06, 0.001, 50, 100, 0.31552907006555014
0.0001, 1e-06, 0.001, 50, 150, nan
1e-06, 100, 100, 3, 50, 0.1729265767226207
1e-06, 100, 100, 3, 100, 0.15481531100132176
1e-06, 100, 100, 3, 150, 0.17682758663700382
1e-06, 100, 100, 10, 50, 0.17345018562522782
1e-06, 100, 100, 10, 100, 0.18676229651787768
1e-06, 100, 100, 10, 150, 0.19283331529230488
1e-06, 100, 100, 30, 50, 0.1536451119776298
1e-06, 100, 100, 30, 100, 0.15250837094360498
1e-06, 100, 100, 30, 150, 0.18798856442479214
1e-06, 100, 100, 50, 50, 0.18022403537486692
1e-06, 100, 100, 50, 100, 0.16967718598583023
1e-06, 100, 100, 50, 150, 0.1613354004690504
1e-06, 100, 10, 3, 50, 0.18484498925860976
1e-06, 100, 10, 3, 100, 0.15960370328824267
1e-06, 100, 10, 3, 150, 0.17605573931509316
1e-06, 100, 10, 10, 50, 0.15508850052970005
1e-06, 100, 10, 10, 100, 0.16842004968510657
1e-06, 100, 10, 10, 150, 0.16144440340823896
1e-06, 100, 10, 30, 50, 0.1754903524390747
1e-06, 100, 10, 30, 100, 0.17386614863233787
1e-06, 100, 10, 30, 150, 0.17170065251541075
1e-06, 100, 10, 50, 50, 0.15946407036794383
1e-06, 100, 10, 50, 100, 0.1506240509351042
1e-06, 100, 10, 50, 150, 0.15287944607362022
1e-06, 100, 1, 3, 50, 0.09707820353152535
1e-06, 100, 1, 3, 100, 0.0804498225867742
1e-06, 100, 1, 3, 150, 0.09320137262349368
1e-06, 100, 1, 10, 50, 0.09372854643579627
1e-06, 100, 1, 10, 100, 0.07620901259854307
1e-06, 100, 1, 10, 150, 0.10579434114326552
1e-06, 100, 1, 30, 50, 0.08683415836260716
1e-06, 100, 1, 30, 100, 0.09644308535822103
1e-06, 100, 1, 30, 150, 0.10139041542732581
1e-06, 100, 1, 50, 50, 0.10298162080131179
1e-06, 100, 1, 50, 100, 0.11630358318228477
1e-06, 100, 1, 50, 150, 0.09411835127713881
1e-06, 100, 0.1, 3, 50, 0.034225768632830264
1e-06, 100, 0.1, 3, 100, 0.0360328966813085
1e-06, 100, 0.1, 3, 150, 0.02291052880580172
1e-06, 100, 0.1, 10, 50, 0.024647075493856693
1e-06, 100, 0.1, 10, 100, 0.022724119659273786
1e-06, 100, 0.1, 10, 150, 0.020766776283940983
1e-06, 100, 0.1, 30, 50, 0.03602040976460708
1e-06, 100, 0.1, 30, 100, 0.043585925775601934
1e-06, 100, 0.1, 30, 150, 0.03988057861142988
1e-06, 100, 0.1, 50, 50, 0.030364658638201356
1e-06, 100, 0.1, 50, 100, 0.03978970371973528
1e-06, 100, 0.1, 50, 150, 0.0417397332917051
1e-06, 100, 0.01, 3, 50, 0.040992318235867034
1e-06, 100, 0.01, 3, 100, 0.03976722703324004
1e-06, 100, 0.01, 3, 150, 0.02767243863502711
1e-06, 100, 0.01, 10, 50, 0.04095162236264125
1e-06, 100, 0.01, 10, 100, 0.01709043377225085
1e-06, 100, 0.01, 10, 150, 0.039812275140726626
1e-06, 100, 0.01, 30, 50, 0.028489075467871525
1e-06, 100, 0.01, 30, 100, 0.030353292003463216
1e-06, 100, 0.01, 30, 150, 0.044905564714524976
1e-06, 100, 0.01, 50, 50, 0.02272467606908616
1e-06, 100, 0.01, 50, 100, 0.024719610477331413
1e-06, 100, 0.01, 50, 150, 0.030425575085220046
1e-06, 100, 0.001, 3, 50, 0.03908917518046942
