alpha, regularization, latent_features, learning_rate, NDCG
10000000000.0, 0.001, 50, 1, 1e-08, nan
10000000000.0, 0.001, 50, 1, 1e-09, nan
10000000000.0, 0.001, 50, 1, 1e-10, nan
10000000000.0, 0.001, 50, 1, 1e-11, nan
10000000000.0, 0.001, 75, 1, 1e-08, nan
10000000000.0, 0.001, 75, 1, 1e-09, nan
10000000000.0, 0.001, 75, 1, 1e-10, nan
10000000000.0, 0.001, 75, 1, 1e-11, nan
10000000000.0, 0.001, 100, 1, 1e-08, nan
10000000000.0, 0.001, 100, 1, 1e-09, nan
10000000000.0, 0.001, 100, 1, 1e-10, nan
10000000000.0, 0.001, 100, 1, 1e-11, nan
10000000000.0, 0.001, 200, 1, 1e-08, nan
10000000000.0, 0.001, 200, 1, 1e-09, nan
10000000000.0, 0.001, 200, 1, 1e-10, nan
10000000000.0, 0.001, 200, 1, 1e-11, nan
10000000000.0, 0.001, 300, 1, 1e-08, nan
10000000000.0, 0.001, 300, 1, 1e-09, nan
10000000000.0, 0.001, 300, 1, 1e-10, nan
10000000000.0, 0.001, 300, 1, 1e-11, nan
10000000000.0, 0.001, 500, 1, 1e-08, nan
10000000000.0, 0.001, 500, 1, 1e-09, nan
10000000000.0, 0.001, 500, 1, 1e-10, nan
10000000000.0, 0.001, 500, 1, 1e-11, nan
10000000000.0, 0.0001, 50, 1, 1e-08, nan
10000000000.0, 0.0001, 50, 1, 1e-09, nan
10000000000.0, 0.0001, 50, 1, 1e-10, nan
10000000000.0, 0.0001, 50, 1, 1e-11, nan
10000000000.0, 0.0001, 75, 1, 1e-08, nan
10000000000.0, 0.0001, 75, 1, 1e-09, nan
10000000000.0, 0.0001, 75, 1, 1e-10, nan
10000000000.0, 0.0001, 75, 1, 1e-11, nan
10000000000.0, 0.0001, 100, 1, 1e-08, nan
10000000000.0, 0.0001, 100, 1, 1e-09, nan
10000000000.0, 0.0001, 100, 1, 1e-10, nan
10000000000.0, 0.0001, 100, 1, 1e-11, nan
10000000000.0, 0.0001, 200, 1, 1e-08, nan
10000000000.0, 0.0001, 200, 1, 1e-09, nan
10000000000.0, 0.0001, 200, 1, 1e-10, nan
10000000000.0, 0.0001, 200, 1, 1e-11, nan
10000000000.0, 0.0001, 300, 1, 1e-08, nan
10000000000.0, 0.0001, 300, 1, 1e-09, nan
10000000000.0, 0.0001, 300, 1, 1e-10, nan
10000000000.0, 0.0001, 300, 1, 1e-11, nan
10000000000.0, 0.0001, 500, 1, 1e-08, nan
10000000000.0, 0.0001, 500, 1, 1e-09, nan
10000000000.0, 0.0001, 500, 1, 1e-10, nan
10000000000.0, 0.0001, 500, 1, 1e-11, nan
10000000000.0, 1e-05, 50, 1, 1e-08, nan
10000000000.0, 1e-05, 50, 1, 1e-09, nan
10000000000.0, 1e-05, 50, 1, 1e-10, nan
10000000000.0, 1e-05, 50, 1, 1e-11, nan
10000000000.0, 1e-05, 75, 1, 1e-08, nan
10000000000.0, 1e-05, 75, 1, 1e-09, nan
10000000000.0, 1e-05, 75, 1, 1e-10, nan
10000000000.0, 1e-05, 75, 1, 1e-11, nan
10000000000.0, 1e-05, 100, 1, 1e-08, nan
10000000000.0, 1e-05, 100, 1, 1e-09, nan
10000000000.0, 1e-05, 100, 1, 1e-10, nan
10000000000.0, 1e-05, 100, 1, 1e-11, nan
10000000000.0, 1e-05, 200, 1, 1e-08, nan
10000000000.0, 1e-05, 200, 1, 1e-09, nan
10000000000.0, 1e-05, 200, 1, 1e-10, nan
10000000000.0, 1e-05, 200, 1, 1e-11, nan
10000000000.0, 1e-05, 300, 1, 1e-08, nan
10000000000.0, 1e-05, 300, 1, 1e-09, nan
10000000000.0, 1e-05, 300, 1, 1e-10, nan
10000000000.0, 1e-05, 300, 1, 1e-11, nan
10000000000.0, 1e-05, 500, 1, 1e-08, nan
10000000000.0, 1e-05, 500, 1, 1e-09, nan
10000000000.0, 1e-05, 500, 1, 1e-10, nan
10000000000.0, 1e-05, 500, 1, 1e-11, nan
10000000000.0, 1e-06, 50, 1, 1e-08, nan
10000000000.0, 1e-06, 50, 1, 1e-09, nan
10000000000.0, 1e-06, 50, 1, 1e-10, nan
10000000000.0, 1e-06, 50, 1, 1e-11, nan
10000000000.0, 1e-06, 75, 1, 1e-08, nan
10000000000.0, 1e-06, 75, 1, 1e-09, nan
10000000000.0, 1e-06, 75, 1, 1e-10, nan
10000000000.0, 1e-06, 75, 1, 1e-11, nan
10000000000.0, 1e-06, 100, 1, 1e-08, nan
10000000000.0, 1e-06, 100, 1, 1e-09, nan
10000000000.0, 1e-06, 100, 1, 1e-10, nan
10000000000.0, 1e-06, 100, 1, 1e-11, nan
10000000000.0, 1e-06, 200, 1, 1e-08, nan
10000000000.0, 1e-06, 200, 1, 1e-09, nan
10000000000.0, 1e-06, 200, 1, 1e-10, nan
10000000000.0, 1e-06, 200, 1, 1e-11, nan
10000000000.0, 1e-06, 300, 1, 1e-08, nan
10000000000.0, 1e-06, 300, 1, 1e-09, nan
10000000000.0, 1e-06, 300, 1, 1e-10, nan
10000000000.0, 1e-06, 300, 1, 1e-11, nan
10000000000.0, 1e-06, 500, 1, 1e-08, nan
10000000000.0, 1e-06, 500, 1, 1e-09, nan
10000000000.0, 1e-06, 500, 1, 1e-10, nan
10000000000.0, 1e-06, 500, 1, 1e-11, nan
10000000000.0, 1e-07, 50, 1, 1e-08, nan
10000000000.0, 1e-07, 50, 1, 1e-09, nan
10000000000.0, 1e-07, 50, 1, 1e-10, nan
10000000000.0, 1e-07, 50, 1, 1e-11, nan
10000000000.0, 1e-07, 75, 1, 1e-08, nan
10000000000.0, 1e-07, 75, 1, 1e-09, nan
10000000000.0, 1e-07, 75, 1, 1e-10, nan
10000000000.0, 1e-07, 75, 1, 1e-11, nan
10000000000.0, 1e-07, 100, 1, 1e-08, nan
10000000000.0, 1e-07, 100, 1, 1e-09, nan
10000000000.0, 1e-07, 100, 1, 1e-10, nan
10000000000.0, 1e-07, 100, 1, 1e-11, nan
10000000000.0, 1e-07, 200, 1, 1e-08, nan
10000000000.0, 1e-07, 200, 1, 1e-09, nan
10000000000.0, 1e-07, 200, 1, 1e-10, nan
10000000000.0, 1e-07, 200, 1, 1e-11, nan
10000000000.0, 1e-07, 300, 1, 1e-08, nan
10000000000.0, 1e-07, 300, 1, 1e-09, nan
10000000000.0, 1e-07, 300, 1, 1e-10, nan
10000000000.0, 1e-07, 300, 1, 1e-11, nan
10000000000.0, 1e-07, 500, 1, 1e-08, nan
10000000000.0, 1e-07, 500, 1, 1e-09, nan
10000000000.0, 1e-07, 500, 1, 1e-10, nan
10000000000.0, 1e-07, 500, 1, 1e-11, nan
10000000000.0, 1e-08, 50, 1, 1e-08, nan
10000000000.0, 1e-08, 50, 1, 1e-09, nan
10000000000.0, 1e-08, 50, 1, 1e-10, nan
10000000000.0, 1e-08, 50, 1, 1e-11, nan
10000000000.0, 1e-08, 75, 1, 1e-08, nan
10000000000.0, 1e-08, 75, 1, 1e-09, nan
10000000000.0, 1e-08, 75, 1, 1e-10, nan
10000000000.0, 1e-08, 75, 1, 1e-11, nan
10000000000.0, 1e-08, 100, 1, 1e-08, nan
10000000000.0, 1e-08, 100, 1, 1e-09, nan
10000000000.0, 1e-08, 100, 1, 1e-10, nan
10000000000.0, 1e-08, 100, 1, 1e-11, nan
10000000000.0, 1e-08, 200, 1, 1e-08, nan
10000000000.0, 1e-08, 200, 1, 1e-09, nan
10000000000.0, 1e-08, 200, 1, 1e-10, nan
10000000000.0, 1e-08, 200, 1, 1e-11, nan
10000000000.0, 1e-08, 300, 1, 1e-08, nan
10000000000.0, 1e-08, 300, 1, 1e-09, nan
10000000000.0, 1e-08, 300, 1, 1e-10, nan
10000000000.0, 1e-08, 300, 1, 1e-11, nan
10000000000.0, 1e-08, 500, 1, 1e-08, nan
10000000000.0, 1e-08, 500, 1, 1e-09, nan
10000000000.0, 1e-08, 500, 1, 1e-10, nan
10000000000.0, 1e-08, 500, 1, 1e-11, nan
10000000000.0, 1e-09, 50, 1, 1e-08, nan
10000000000.0, 1e-09, 50, 1, 1e-09, nan
10000000000.0, 1e-09, 50, 1, 1e-10, nan
10000000000.0, 1e-09, 50, 1, 1e-11, nan
10000000000.0, 1e-09, 75, 1, 1e-08, nan
10000000000.0, 1e-09, 75, 1, 1e-09, nan
10000000000.0, 1e-09, 75, 1, 1e-10, nan
10000000000.0, 1e-09, 75, 1, 1e-11, nan
10000000000.0, 1e-09, 100, 1, 1e-08, nan
10000000000.0, 1e-09, 100, 1, 1e-09, nan
10000000000.0, 1e-09, 100, 1, 1e-10, nan
10000000000.0, 1e-09, 100, 1, 1e-11, nan
10000000000.0, 1e-09, 200, 1, 1e-08, nan
10000000000.0, 1e-09, 200, 1, 1e-09, nan
10000000000.0, 1e-09, 200, 1, 1e-10, nan
10000000000.0, 1e-09, 200, 1, 1e-11, nan
10000000000.0, 1e-09, 300, 1, 1e-08, nan
10000000000.0, 1e-09, 300, 1, 1e-09, nan
10000000000.0, 1e-09, 300, 1, 1e-10, nan
10000000000.0, 1e-09, 300, 1, 1e-11, nan
10000000000.0, 1e-09, 500, 1, 1e-08, nan
10000000000.0, 1e-09, 500, 1, 1e-09, nan
10000000000.0, 1e-09, 500, 1, 1e-10, nan
10000000000.0, 1e-09, 500, 1, 1e-11, nan
10000000000.0, 1e-10, 50, 1, 1e-08, nan
10000000000.0, 1e-10, 50, 1, 1e-09, nan
10000000000.0, 1e-10, 50, 1, 1e-10, nan
10000000000.0, 1e-10, 50, 1, 1e-11, nan
10000000000.0, 1e-10, 75, 1, 1e-08, nan
10000000000.0, 1e-10, 75, 1, 1e-09, nan
10000000000.0, 1e-10, 75, 1, 1e-10, nan
10000000000.0, 1e-10, 75, 1, 1e-11, nan
10000000000.0, 1e-10, 100, 1, 1e-08, nan
10000000000.0, 1e-10, 100, 1, 1e-09, nan
10000000000.0, 1e-10, 100, 1, 1e-10, nan
10000000000.0, 1e-10, 100, 1, 1e-11, nan
10000000000.0, 1e-10, 200, 1, 1e-08, nan
10000000000.0, 1e-10, 200, 1, 1e-09, nan
10000000000.0, 1e-10, 200, 1, 1e-10, nan
10000000000.0, 1e-10, 200, 1, 1e-11, nan
10000000000.0, 1e-10, 300, 1, 1e-08, nan
10000000000.0, 1e-10, 300, 1, 1e-09, nan
10000000000.0, 1e-10, 300, 1, 1e-10, nan
10000000000.0, 1e-10, 300, 1, 1e-11, nan
10000000000.0, 1e-10, 500, 1, 1e-08, nan
10000000000.0, 1e-10, 500, 1, 1e-09, nan
10000000000.0, 1e-10, 500, 1, 1e-10, nan
10000000000.0, 1e-10, 500, 1, 1e-11, nan
1000000000.0, 0.001, 50, 1, 1e-08, nan
1000000000.0, 0.001, 50, 1, 1e-09, nan
1000000000.0, 0.001, 50, 1, 1e-10, nan
1000000000.0, 0.001, 50, 1, 1e-11, nan
1000000000.0, 0.001, 75, 1, 1e-08, nan
1000000000.0, 0.001, 75, 1, 1e-09, nan
1000000000.0, 0.001, 75, 1, 1e-10, nan
1000000000.0, 0.001, 75, 1, 1e-11, nan
1000000000.0, 0.001, 100, 1, 1e-08, nan
1000000000.0, 0.001, 100, 1, 1e-09, nan
1000000000.0, 0.001, 100, 1, 1e-10, nan
1000000000.0, 0.001, 100, 1, 1e-11, nan
1000000000.0, 0.001, 200, 1, 1e-08, nan
1000000000.0, 0.001, 200, 1, 1e-09, nan
1000000000.0, 0.001, 200, 1, 1e-10, nan
1000000000.0, 0.001, 200, 1, 1e-11, nan
1000000000.0, 0.001, 300, 1, 1e-08, nan
1000000000.0, 0.001, 300, 1, 1e-09, nan
1000000000.0, 0.001, 300, 1, 1e-10, nan
1000000000.0, 0.001, 300, 1, 1e-11, nan
1000000000.0, 0.001, 500, 1, 1e-08, nan
1000000000.0, 0.001, 500, 1, 1e-09, nan
1000000000.0, 0.001, 500, 1, 1e-10, nan
1000000000.0, 0.001, 500, 1, 1e-11, nan
1000000000.0, 0.0001, 50, 1, 1e-08, nan
1000000000.0, 0.0001, 50, 1, 1e-09, nan
1000000000.0, 0.0001, 50, 1, 1e-10, nan
1000000000.0, 0.0001, 50, 1, 1e-11, nan
1000000000.0, 0.0001, 75, 1, 1e-08, nan
1000000000.0, 0.0001, 75, 1, 1e-09, nan
1000000000.0, 0.0001, 75, 1, 1e-10, nan
1000000000.0, 0.0001, 75, 1, 1e-11, nan
1000000000.0, 0.0001, 100, 1, 1e-08, nan
1000000000.0, 0.0001, 100, 1, 1e-09, nan
1000000000.0, 0.0001, 100, 1, 1e-10, nan
1000000000.0, 0.0001, 100, 1, 1e-11, nan
1000000000.0, 0.0001, 200, 1, 1e-08, nan
1000000000.0, 0.0001, 200, 1, 1e-09, nan
1000000000.0, 0.0001, 200, 1, 1e-10, nan
1000000000.0, 0.0001, 200, 1, 1e-11, nan
1000000000.0, 0.0001, 300, 1, 1e-08, nan
1000000000.0, 0.0001, 300, 1, 1e-09, nan
1000000000.0, 0.0001, 300, 1, 1e-10, nan
1000000000.0, 0.0001, 300, 1, 1e-11, nan
1000000000.0, 0.0001, 500, 1, 1e-08, nan
1000000000.0, 0.0001, 500, 1, 1e-09, nan
1000000000.0, 0.0001, 500, 1, 1e-10, nan
1000000000.0, 0.0001, 500, 1, 1e-11, nan
1000000000.0, 1e-05, 50, 1, 1e-08, nan
1000000000.0, 1e-05, 50, 1, 1e-09, nan
1000000000.0, 1e-05, 50, 1, 1e-10, nan
1000000000.0, 1e-05, 50, 1, 1e-11, nan
1000000000.0, 1e-05, 75, 1, 1e-08, nan
1000000000.0, 1e-05, 75, 1, 1e-09, nan
1000000000.0, 1e-05, 75, 1, 1e-10, nan
1000000000.0, 1e-05, 75, 1, 1e-11, nan
1000000000.0, 1e-05, 100, 1, 1e-08, nan
1000000000.0, 1e-05, 100, 1, 1e-09, nan
1000000000.0, 1e-05, 100, 1, 1e-10, nan
1000000000.0, 1e-05, 100, 1, 1e-11, nan
1000000000.0, 1e-05, 200, 1, 1e-08, nan
1000000000.0, 1e-05, 200, 1, 1e-09, nan
1000000000.0, 1e-05, 200, 1, 1e-10, nan
1000000000.0, 1e-05, 200, 1, 1e-11, nan
1000000000.0, 1e-05, 300, 1, 1e-08, nan
1000000000.0, 1e-05, 300, 1, 1e-09, nan
1000000000.0, 1e-05, 300, 1, 1e-10, nan
1000000000.0, 1e-05, 300, 1, 1e-11, nan
1000000000.0, 1e-05, 500, 1, 1e-08, nan
1000000000.0, 1e-05, 500, 1, 1e-09, nan
1000000000.0, 1e-05, 500, 1, 1e-10, nan
1000000000.0, 1e-05, 500, 1, 1e-11, nan
1000000000.0, 1e-06, 50, 1, 1e-08, nan
1000000000.0, 1e-06, 50, 1, 1e-09, nan
1000000000.0, 1e-06, 50, 1, 1e-10, nan
1000000000.0, 1e-06, 50, 1, 1e-11, nan
1000000000.0, 1e-06, 75, 1, 1e-08, nan
1000000000.0, 1e-06, 75, 1, 1e-09, nan
1000000000.0, 1e-06, 75, 1, 1e-10, nan
1000000000.0, 1e-06, 75, 1, 1e-11, nan
1000000000.0, 1e-06, 100, 1, 1e-08, nan
1000000000.0, 1e-06, 100, 1, 1e-09, nan
1000000000.0, 1e-06, 100, 1, 1e-10, nan
1000000000.0, 1e-06, 100, 1, 1e-11, nan
1000000000.0, 1e-06, 200, 1, 1e-08, nan
1000000000.0, 1e-06, 200, 1, 1e-09, nan
1000000000.0, 1e-06, 200, 1, 1e-10, nan
1000000000.0, 1e-06, 200, 1, 1e-11, nan
1000000000.0, 1e-06, 300, 1, 1e-08, nan
1000000000.0, 1e-06, 300, 1, 1e-09, nan
1000000000.0, 1e-06, 300, 1, 1e-10, nan
1000000000.0, 1e-06, 300, 1, 1e-11, nan
1000000000.0, 1e-06, 500, 1, 1e-08, nan
1000000000.0, 1e-06, 500, 1, 1e-09, nan
1000000000.0, 1e-06, 500, 1, 1e-10, nan
1000000000.0, 1e-06, 500, 1, 1e-11, nan
1000000000.0, 1e-07, 50, 1, 1e-08, nan
1000000000.0, 1e-07, 50, 1, 1e-09, nan
1000000000.0, 1e-07, 50, 1, 1e-10, nan
1000000000.0, 1e-07, 50, 1, 1e-11, nan
1000000000.0, 1e-07, 75, 1, 1e-08, nan
1000000000.0, 1e-07, 75, 1, 1e-09, nan
1000000000.0, 1e-07, 75, 1, 1e-10, nan
1000000000.0, 1e-07, 75, 1, 1e-11, nan
1000000000.0, 1e-07, 100, 1, 1e-08, nan
1000000000.0, 1e-07, 100, 1, 1e-09, nan
1000000000.0, 1e-07, 100, 1, 1e-10, nan
1000000000.0, 1e-07, 100, 1, 1e-11, nan
1000000000.0, 1e-07, 200, 1, 1e-08, nan
1000000000.0, 1e-07, 200, 1, 1e-09, nan
1000000000.0, 1e-07, 200, 1, 1e-10, nan
1000000000.0, 1e-07, 200, 1, 1e-11, nan
1000000000.0, 1e-07, 300, 1, 1e-08, nan
1000000000.0, 1e-07, 300, 1, 1e-09, nan
1000000000.0, 1e-07, 300, 1, 1e-10, nan
1000000000.0, 1e-07, 300, 1, 1e-11, nan
1000000000.0, 1e-07, 500, 1, 1e-08, nan
1000000000.0, 1e-07, 500, 1, 1e-09, nan
1000000000.0, 1e-07, 500, 1, 1e-10, nan
1000000000.0, 1e-07, 500, 1, 1e-11, nan
1000000000.0, 1e-08, 50, 1, 1e-08, nan
1000000000.0, 1e-08, 50, 1, 1e-09, nan
1000000000.0, 1e-08, 50, 1, 1e-10, nan
1000000000.0, 1e-08, 50, 1, 1e-11, nan
1000000000.0, 1e-08, 75, 1, 1e-08, nan
1000000000.0, 1e-08, 75, 1, 1e-09, nan
1000000000.0, 1e-08, 75, 1, 1e-10, nan
1000000000.0, 1e-08, 75, 1, 1e-11, nan
1000000000.0, 1e-08, 100, 1, 1e-08, nan
1000000000.0, 1e-08, 100, 1, 1e-09, nan
1000000000.0, 1e-08, 100, 1, 1e-10, nan
1000000000.0, 1e-08, 100, 1, 1e-11, nan
1000000000.0, 1e-08, 200, 1, 1e-08, nan
1000000000.0, 1e-08, 200, 1, 1e-09, nan
1000000000.0, 1e-08, 200, 1, 1e-10, nan
1000000000.0, 1e-08, 200, 1, 1e-11, nan
1000000000.0, 1e-08, 300, 1, 1e-08, nan
1000000000.0, 1e-08, 300, 1, 1e-09, nan
1000000000.0, 1e-08, 300, 1, 1e-10, nan
1000000000.0, 1e-08, 300, 1, 1e-11, nan
1000000000.0, 1e-08, 500, 1, 1e-08, nan
1000000000.0, 1e-08, 500, 1, 1e-09, nan
1000000000.0, 1e-08, 500, 1, 1e-10, nan
1000000000.0, 1e-08, 500, 1, 1e-11, nan
1000000000.0, 1e-09, 50, 1, 1e-08, nan
1000000000.0, 1e-09, 50, 1, 1e-09, nan
1000000000.0, 1e-09, 50, 1, 1e-10, nan
1000000000.0, 1e-09, 50, 1, 1e-11, nan
1000000000.0, 1e-09, 75, 1, 1e-08, nan
1000000000.0, 1e-09, 75, 1, 1e-09, nan
1000000000.0, 1e-09, 75, 1, 1e-10, nan
1000000000.0, 1e-09, 75, 1, 1e-11, nan
1000000000.0, 1e-09, 100, 1, 1e-08, nan
1000000000.0, 1e-09, 100, 1, 1e-09, nan
1000000000.0, 1e-09, 100, 1, 1e-10, nan
1000000000.0, 1e-09, 100, 1, 1e-11, nan
1000000000.0, 1e-09, 200, 1, 1e-08, nan
1000000000.0, 1e-09, 200, 1, 1e-09, nan
1000000000.0, 1e-09, 200, 1, 1e-10, nan
1000000000.0, 1e-09, 200, 1, 1e-11, nan
1000000000.0, 1e-09, 300, 1, 1e-08, nan
1000000000.0, 1e-09, 300, 1, 1e-09, nan
1000000000.0, 1e-09, 300, 1, 1e-10, nan
1000000000.0, 1e-09, 300, 1, 1e-11, nan
1000000000.0, 1e-09, 500, 1, 1e-08, nan
1000000000.0, 1e-09, 500, 1, 1e-09, nan
1000000000.0, 1e-09, 500, 1, 1e-10, nan
1000000000.0, 1e-09, 500, 1, 1e-11, nan
1000000000.0, 1e-10, 50, 1, 1e-08, nan
1000000000.0, 1e-10, 50, 1, 1e-09, nan
1000000000.0, 1e-10, 50, 1, 1e-10, nan
1000000000.0, 1e-10, 50, 1, 1e-11, nan
1000000000.0, 1e-10, 75, 1, 1e-08, nan
1000000000.0, 1e-10, 75, 1, 1e-09, nan
1000000000.0, 1e-10, 75, 1, 1e-10, nan
1000000000.0, 1e-10, 75, 1, 1e-11, nan
1000000000.0, 1e-10, 100, 1, 1e-08, nan
1000000000.0, 1e-10, 100, 1, 1e-09, nan
1000000000.0, 1e-10, 100, 1, 1e-10, nan
1000000000.0, 1e-10, 100, 1, 1e-11, nan
1000000000.0, 1e-10, 200, 1, 1e-08, nan
1000000000.0, 1e-10, 200, 1, 1e-09, nan
1000000000.0, 1e-10, 200, 1, 1e-10, nan
1000000000.0, 1e-10, 200, 1, 1e-11, nan
1000000000.0, 1e-10, 300, 1, 1e-08, nan
1000000000.0, 1e-10, 300, 1, 1e-09, nan
1000000000.0, 1e-10, 300, 1, 1e-10, nan
1000000000.0, 1e-10, 300, 1, 1e-11, nan
1000000000.0, 1e-10, 500, 1, 1e-08, nan
1000000000.0, 1e-10, 500, 1, 1e-09, nan
1000000000.0, 1e-10, 500, 1, 1e-10, nan
1000000000.0, 1e-10, 500, 1, 1e-11, nan
100000000.0, 0.001, 50, 1, 1e-08, nan
100000000.0, 0.001, 50, 1, 1e-09, nan
100000000.0, 0.001, 50, 1, 1e-10, nan
100000000.0, 0.001, 50, 1, 1e-11, 0.16987599231530134
100000000.0, 0.001, 75, 1, 1e-08, nan
100000000.0, 0.001, 75, 1, 1e-09, nan
100000000.0, 0.001, 75, 1, 1e-10, nan
100000000.0, 0.001, 75, 1, 1e-11, 0.20503678007047604
100000000.0, 0.001, 100, 1, 1e-08, nan
100000000.0, 0.001, 100, 1, 1e-09, nan
100000000.0, 0.001, 100, 1, 1e-10, nan
100000000.0, 0.001, 100, 1, 1e-11, 0.1809155244911258
100000000.0, 0.001, 200, 1, 1e-08, nan
100000000.0, 0.001, 200, 1, 1e-09, nan
100000000.0, 0.001, 200, 1, 1e-10, nan
100000000.0, 0.001, 200, 1, 1e-11, 0.1752163021918538
100000000.0, 0.001, 300, 1, 1e-08, nan
100000000.0, 0.001, 300, 1, 1e-09, nan
100000000.0, 0.001, 300, 1, 1e-10, nan
100000000.0, 0.001, 300, 1, 1e-11, 0.2725023494737193
100000000.0, 0.001, 500, 1, 1e-08, nan
100000000.0, 0.001, 500, 1, 1e-09, nan
100000000.0, 0.001, 500, 1, 1e-10, nan
100000000.0, 0.001, 500, 1, 1e-11, 0.2091269970540718
100000000.0, 0.0001, 50, 1, 1e-08, nan
100000000.0, 0.0001, 50, 1, 1e-09, nan
100000000.0, 0.0001, 50, 1, 1e-10, nan
100000000.0, 0.0001, 50, 1, 1e-11, 0.21248655420271578
100000000.0, 0.0001, 75, 1, 1e-08, nan
100000000.0, 0.0001, 75, 1, 1e-09, nan
100000000.0, 0.0001, 75, 1, 1e-10, nan
100000000.0, 0.0001, 75, 1, 1e-11, 0.22762544038206353
100000000.0, 0.0001, 100, 1, 1e-08, nan
100000000.0, 0.0001, 100, 1, 1e-09, nan
100000000.0, 0.0001, 100, 1, 1e-10, nan
100000000.0, 0.0001, 100, 1, 1e-11, 0.19389142729928271
100000000.0, 0.0001, 200, 1, 1e-08, nan
100000000.0, 0.0001, 200, 1, 1e-09, nan
100000000.0, 0.0001, 200, 1, 1e-10, nan
100000000.0, 0.0001, 200, 1, 1e-11, 0.13282490492425747
100000000.0, 0.0001, 300, 1, 1e-08, nan
100000000.0, 0.0001, 300, 1, 1e-09, nan
100000000.0, 0.0001, 300, 1, 1e-10, nan
100000000.0, 0.0001, 300, 1, 1e-11, 0.1459858251119276
100000000.0, 0.0001, 500, 1, 1e-08, nan
100000000.0, 0.0001, 500, 1, 1e-09, nan
100000000.0, 0.0001, 500, 1, 1e-10, nan
100000000.0, 0.0001, 500, 1, 1e-11, 0.19984676365587484
100000000.0, 1e-05, 50, 1, 1e-08, nan
100000000.0, 1e-05, 50, 1, 1e-09, nan
100000000.0, 1e-05, 50, 1, 1e-10, nan
100000000.0, 1e-05, 50, 1, 1e-11, 0.1663876307711811
100000000.0, 1e-05, 75, 1, 1e-08, nan
100000000.0, 1e-05, 75, 1, 1e-09, nan
100000000.0, 1e-05, 75, 1, 1e-10, nan
100000000.0, 1e-05, 75, 1, 1e-11, 0.12736143039012837
100000000.0, 1e-05, 100, 1, 1e-08, nan
100000000.0, 1e-05, 100, 1, 1e-09, nan
100000000.0, 1e-05, 100, 1, 1e-10, nan
100000000.0, 1e-05, 100, 1, 1e-11, 0.22878540919787294
100000000.0, 1e-05, 200, 1, 1e-08, nan
100000000.0, 1e-05, 200, 1, 1e-09, nan
100000000.0, 1e-05, 200, 1, 1e-10, nan
100000000.0, 1e-05, 200, 1, 1e-11, 0.20361365114810337
100000000.0, 1e-05, 300, 1, 1e-08, nan
100000000.0, 1e-05, 300, 1, 1e-09, nan
100000000.0, 1e-05, 300, 1, 1e-10, nan
100000000.0, 1e-05, 300, 1, 1e-11, 0.21164044417688538
100000000.0, 1e-05, 500, 1, 1e-08, nan
100000000.0, 1e-05, 500, 1, 1e-09, nan
100000000.0, 1e-05, 500, 1, 1e-10, nan
100000000.0, 1e-05, 500, 1, 1e-11, 0.2826937250550808
100000000.0, 1e-06, 50, 1, 1e-08, nan
100000000.0, 1e-06, 50, 1, 1e-09, nan
100000000.0, 1e-06, 50, 1, 1e-10, nan
100000000.0, 1e-06, 50, 1, 1e-11, 0.24251180100554814
100000000.0, 1e-06, 75, 1, 1e-08, nan
100000000.0, 1e-06, 75, 1, 1e-09, nan
100000000.0, 1e-06, 75, 1, 1e-10, nan
100000000.0, 1e-06, 75, 1, 1e-11, 0.18886916401473947
100000000.0, 1e-06, 100, 1, 1e-08, nan
100000000.0, 1e-06, 100, 1, 1e-09, nan
100000000.0, 1e-06, 100, 1, 1e-10, nan
100000000.0, 1e-06, 100, 1, 1e-11, 0.15477160409163296
100000000.0, 1e-06, 200, 1, 1e-08, nan
100000000.0, 1e-06, 200, 1, 1e-09, nan
100000000.0, 1e-06, 200, 1, 1e-10, nan
100000000.0, 1e-06, 200, 1, 1e-11, 0.19837547643494527
100000000.0, 1e-06, 300, 1, 1e-08, nan
100000000.0, 1e-06, 300, 1, 1e-09, nan
100000000.0, 1e-06, 300, 1, 1e-10, nan
100000000.0, 1e-06, 300, 1, 1e-11, 0.22558879520767675
100000000.0, 1e-06, 500, 1, 1e-08, nan
100000000.0, 1e-06, 500, 1, 1e-09, nan
100000000.0, 1e-06, 500, 1, 1e-10, nan
100000000.0, 1e-06, 500, 1, 1e-11, 0.2159199671419782
100000000.0, 1e-07, 50, 1, 1e-08, nan
100000000.0, 1e-07, 50, 1, 1e-09, nan
100000000.0, 1e-07, 50, 1, 1e-10, nan
100000000.0, 1e-07, 50, 1, 1e-11, 0.13669518606111355
100000000.0, 1e-07, 75, 1, 1e-08, nan
100000000.0, 1e-07, 75, 1, 1e-09, nan
100000000.0, 1e-07, 75, 1, 1e-10, nan
100000000.0, 1e-07, 75, 1, 1e-11, 0.24971334194236833
100000000.0, 1e-07, 100, 1, 1e-08, nan
100000000.0, 1e-07, 100, 1, 1e-09, nan
100000000.0, 1e-07, 100, 1, 1e-10, nan
100000000.0, 1e-07, 100, 1, 1e-11, 0.19415213989852353
100000000.0, 1e-07, 200, 1, 1e-08, nan
100000000.0, 1e-07, 200, 1, 1e-09, nan
100000000.0, 1e-07, 200, 1, 1e-10, nan
100000000.0, 1e-07, 200, 1, 1e-11, 0.16716667364178955
100000000.0, 1e-07, 300, 1, 1e-08, nan
100000000.0, 1e-07, 300, 1, 1e-09, nan
100000000.0, 1e-07, 300, 1, 1e-10, nan
100000000.0, 1e-07, 300, 1, 1e-11, 0.18533825937844473
100000000.0, 1e-07, 500, 1, 1e-08, nan
100000000.0, 1e-07, 500, 1, 1e-09, nan
100000000.0, 1e-07, 500, 1, 1e-10, nan
100000000.0, 1e-07, 500, 1, 1e-11, 0.26906262880018117
100000000.0, 1e-08, 50, 1, 1e-08, nan
100000000.0, 1e-08, 50, 1, 1e-09, nan
100000000.0, 1e-08, 50, 1, 1e-10, nan
100000000.0, 1e-08, 50, 1, 1e-11, 0.2278455087294337
100000000.0, 1e-08, 75, 1, 1e-08, nan
100000000.0, 1e-08, 75, 1, 1e-09, nan
100000000.0, 1e-08, 75, 1, 1e-10, nan
100000000.0, 1e-08, 75, 1, 1e-11, 0.20539792143972208
100000000.0, 1e-08, 100, 1, 1e-08, nan
100000000.0, 1e-08, 100, 1, 1e-09, nan
100000000.0, 1e-08, 100, 1, 1e-10, nan
100000000.0, 1e-08, 100, 1, 1e-11, 0.15889518068585956
100000000.0, 1e-08, 200, 1, 1e-08, nan
100000000.0, 1e-08, 200, 1, 1e-09, nan
100000000.0, 1e-08, 200, 1, 1e-10, nan
100000000.0, 1e-08, 200, 1, 1e-11, 0.2244129827754012
100000000.0, 1e-08, 300, 1, 1e-08, nan
100000000.0, 1e-08, 300, 1, 1e-09, nan
100000000.0, 1e-08, 300, 1, 1e-10, nan
100000000.0, 1e-08, 300, 1, 1e-11, 0.15271216709427982
100000000.0, 1e-08, 500, 1, 1e-08, nan
100000000.0, 1e-08, 500, 1, 1e-09, nan
100000000.0, 1e-08, 500, 1, 1e-10, nan
100000000.0, 1e-08, 500, 1, 1e-11, 0.15098952475922978
100000000.0, 1e-09, 50, 1, 1e-08, nan
100000000.0, 1e-09, 50, 1, 1e-09, nan
100000000.0, 1e-09, 50, 1, 1e-10, nan
100000000.0, 1e-09, 50, 1, 1e-11, 0.20202939223949795
100000000.0, 1e-09, 75, 1, 1e-08, nan
100000000.0, 1e-09, 75, 1, 1e-09, nan
100000000.0, 1e-09, 75, 1, 1e-10, nan
100000000.0, 1e-09, 75, 1, 1e-11, 0.2196233898694054
100000000.0, 1e-09, 100, 1, 1e-08, nan
100000000.0, 1e-09, 100, 1, 1e-09, nan
100000000.0, 1e-09, 100, 1, 1e-10, nan
100000000.0, 1e-09, 100, 1, 1e-11, 0.17942332935082156
100000000.0, 1e-09, 200, 1, 1e-08, nan
100000000.0, 1e-09, 200, 1, 1e-09, nan
100000000.0, 1e-09, 200, 1, 1e-10, nan
100000000.0, 1e-09, 200, 1, 1e-11, 0.16539536565664978
100000000.0, 1e-09, 300, 1, 1e-08, nan
100000000.0, 1e-09, 300, 1, 1e-09, nan
100000000.0, 1e-09, 300, 1, 1e-10, nan
100000000.0, 1e-09, 300, 1, 1e-11, 0.19591758134766324
100000000.0, 1e-09, 500, 1, 1e-08, nan
100000000.0, 1e-09, 500, 1, 1e-09, nan
100000000.0, 1e-09, 500, 1, 1e-10, nan
100000000.0, 1e-09, 500, 1, 1e-11, 0.2756363409315834
100000000.0, 1e-10, 50, 1, 1e-08, nan
100000000.0, 1e-10, 50, 1, 1e-09, nan
100000000.0, 1e-10, 50, 1, 1e-10, nan
100000000.0, 1e-10, 50, 1, 1e-11, 0.193853024862444
100000000.0, 1e-10, 75, 1, 1e-08, nan
100000000.0, 1e-10, 75, 1, 1e-09, nan
100000000.0, 1e-10, 75, 1, 1e-10, nan
100000000.0, 1e-10, 75, 1, 1e-11, 0.29993715388773645
100000000.0, 1e-10, 100, 1, 1e-08, nan
100000000.0, 1e-10, 100, 1, 1e-09, nan
100000000.0, 1e-10, 100, 1, 1e-10, nan
100000000.0, 1e-10, 100, 1, 1e-11, 0.16365059305320692
100000000.0, 1e-10, 200, 1, 1e-08, nan
100000000.0, 1e-10, 200, 1, 1e-09, nan
100000000.0, 1e-10, 200, 1, 1e-10, nan
100000000.0, 1e-10, 200, 1, 1e-11, 0.1365910070610944
100000000.0, 1e-10, 300, 1, 1e-08, nan
100000000.0, 1e-10, 300, 1, 1e-09, nan
100000000.0, 1e-10, 300, 1, 1e-10, nan
100000000.0, 1e-10, 300, 1, 1e-11, 0.2217099878593474
100000000.0, 1e-10, 500, 1, 1e-08, nan
100000000.0, 1e-10, 500, 1, 1e-09, nan
100000000.0, 1e-10, 500, 1, 1e-10, nan
100000000.0, 1e-10, 500, 1, 1e-11, 0.24393793763249924
10000000.0, 0.001, 50, 1, 1e-08, nan
10000000.0, 0.001, 50, 1, 1e-09, nan
10000000.0, 0.001, 50, 1, 1e-10, nan
10000000.0, 0.001, 50, 1, 1e-11, 0.47810760330476915
10000000.0, 0.001, 75, 1, 1e-08, nan
10000000.0, 0.001, 75, 1, 1e-09, nan
10000000.0, 0.001, 75, 1, 1e-10, 0.17427777582595635
10000000.0, 0.001, 75, 1, 1e-11, 0.49926673721260073
10000000.0, 0.001, 100, 1, 1e-08, nan
10000000.0, 0.001, 100, 1, 1e-09, nan
10000000.0, 0.001, 100, 1, 1e-10, nan
10000000.0, 0.001, 100, 1, 1e-11, 0.517762648178726
10000000.0, 0.001, 200, 1, 1e-08, nan
10000000.0, 0.001, 200, 1, 1e-09, nan
10000000.0, 0.001, 200, 1, 1e-10, nan
10000000.0, 0.001, 200, 1, 1e-11, 0.508485488122126
10000000.0, 0.001, 300, 1, 1e-08, nan
10000000.0, 0.001, 300, 1, 1e-09, nan
10000000.0, 0.001, 300, 1, 1e-10, nan
10000000.0, 0.001, 300, 1, 1e-11, 0.49173735616137365
10000000.0, 0.001, 500, 1, 1e-08, nan
10000000.0, 0.001, 500, 1, 1e-09, nan
10000000.0, 0.001, 500, 1, 1e-10, nan
10000000.0, 0.001, 500, 1, 1e-11, 0.4859417930041293
10000000.0, 0.0001, 50, 1, 1e-08, nan
10000000.0, 0.0001, 50, 1, 1e-09, nan
10000000.0, 0.0001, 50, 1, 1e-10, 0.06533555999602329
10000000.0, 0.0001, 50, 1, 1e-11, 0.4865270419424921
10000000.0, 0.0001, 75, 1, 1e-08, nan
10000000.0, 0.0001, 75, 1, 1e-09, nan
10000000.0, 0.0001, 75, 1, 1e-10, 0.26833781089611897
10000000.0, 0.0001, 75, 1, 1e-11, 0.5202729627468723
10000000.0, 0.0001, 100, 1, 1e-08, nan
10000000.0, 0.0001, 100, 1, 1e-09, nan
10000000.0, 0.0001, 100, 1, 1e-10, nan
10000000.0, 0.0001, 100, 1, 1e-11, 0.48425268294524204
10000000.0, 0.0001, 200, 1, 1e-08, nan
10000000.0, 0.0001, 200, 1, 1e-09, nan
10000000.0, 0.0001, 200, 1, 1e-10, nan
10000000.0, 0.0001, 200, 1, 1e-11, 0.4730166126086143
10000000.0, 0.0001, 300, 1, 1e-08, nan
10000000.0, 0.0001, 300, 1, 1e-09, nan
10000000.0, 0.0001, 300, 1, 1e-10, nan
10000000.0, 0.0001, 300, 1, 1e-11, 0.4854462565696868
10000000.0, 0.0001, 500, 1, 1e-08, nan
10000000.0, 0.0001, 500, 1, 1e-09, nan
10000000.0, 0.0001, 500, 1, 1e-10, nan
10000000.0, 0.0001, 500, 1, 1e-11, 0.48996666290893914
10000000.0, 1e-05, 50, 1, 1e-08, nan
10000000.0, 1e-05, 50, 1, 1e-09, nan
10000000.0, 1e-05, 50, 1, 1e-10, 0.1882331823165804
10000000.0, 1e-05, 50, 1, 1e-11, 0.4948378547271832
10000000.0, 1e-05, 75, 1, 1e-08, nan
10000000.0, 1e-05, 75, 1, 1e-09, nan
10000000.0, 1e-05, 75, 1, 1e-10, 0.17291017497319422
10000000.0, 1e-05, 75, 1, 1e-11, 0.5047744936668916
10000000.0, 1e-05, 100, 1, 1e-08, nan
10000000.0, 1e-05, 100, 1, 1e-09, nan
10000000.0, 1e-05, 100, 1, 1e-10, nan
10000000.0, 1e-05, 100, 1, 1e-11, 0.4834953120463162
10000000.0, 1e-05, 200, 1, 1e-08, nan
10000000.0, 1e-05, 200, 1, 1e-09, nan
10000000.0, 1e-05, 200, 1, 1e-10, nan
10000000.0, 1e-05, 200, 1, 1e-11, 0.5010715290044195
10000000.0, 1e-05, 300, 1, 1e-08, nan
10000000.0, 1e-05, 300, 1, 1e-09, nan
10000000.0, 1e-05, 300, 1, 1e-10, nan
10000000.0, 1e-05, 300, 1, 1e-11, 0.5183506520510459
10000000.0, 1e-05, 500, 1, 1e-08, nan
10000000.0, 1e-05, 500, 1, 1e-09, nan
10000000.0, 1e-05, 500, 1, 1e-10, nan
10000000.0, 1e-05, 500, 1, 1e-11, 0.5199577895831011
10000000.0, 1e-06, 50, 1, 1e-08, nan
10000000.0, 1e-06, 50, 1, 1e-09, nan
10000000.0, 1e-06, 50, 1, 1e-10, 0.1507613817397207
10000000.0, 1e-06, 50, 1, 1e-11, 0.5127478736861621
10000000.0, 1e-06, 75, 1, 1e-08, nan
10000000.0, 1e-06, 75, 1, 1e-09, nan
10000000.0, 1e-06, 75, 1, 1e-10, 0.060424097208709025
10000000.0, 1e-06, 75, 1, 1e-11, 0.47002487803691845
10000000.0, 1e-06, 100, 1, 1e-08, nan
10000000.0, 1e-06, 100, 1, 1e-09, nan
10000000.0, 1e-06, 100, 1, 1e-10, nan
10000000.0, 1e-06, 100, 1, 1e-11, 0.4902196420788743
10000000.0, 1e-06, 200, 1, 1e-08, nan
10000000.0, 1e-06, 200, 1, 1e-09, nan
10000000.0, 1e-06, 200, 1, 1e-10, nan
10000000.0, 1e-06, 200, 1, 1e-11, 0.5063560659056074
10000000.0, 1e-06, 300, 1, 1e-08, nan
10000000.0, 1e-06, 300, 1, 1e-09, nan
10000000.0, 1e-06, 300, 1, 1e-10, nan
10000000.0, 1e-06, 300, 1, 1e-11, 0.49406721437519324
10000000.0, 1e-06, 500, 1, 1e-08, nan
10000000.0, 1e-06, 500, 1, 1e-09, nan
10000000.0, 1e-06, 500, 1, 1e-10, nan
10000000.0, 1e-06, 500, 1, 1e-11, 0.502361005066611
10000000.0, 1e-07, 50, 1, 1e-08, nan
10000000.0, 1e-07, 50, 1, 1e-09, nan
10000000.0, 1e-07, 50, 1, 1e-10, nan
10000000.0, 1e-07, 50, 1, 1e-11, 0.47128526838334994
10000000.0, 1e-07, 75, 1, 1e-08, nan
10000000.0, 1e-07, 75, 1, 1e-09, nan
10000000.0, 1e-07, 75, 1, 1e-10, nan
10000000.0, 1e-07, 75, 1, 1e-11, 0.5013561219010401
10000000.0, 1e-07, 100, 1, 1e-08, nan
10000000.0, 1e-07, 100, 1, 1e-09, nan
10000000.0, 1e-07, 100, 1, 1e-10, nan
10000000.0, 1e-07, 100, 1, 1e-11, 0.508544508563343
10000000.0, 1e-07, 200, 1, 1e-08, nan
10000000.0, 1e-07, 200, 1, 1e-09, nan
10000000.0, 1e-07, 200, 1, 1e-10, nan
10000000.0, 1e-07, 200, 1, 1e-11, 0.480049522007994
10000000.0, 1e-07, 300, 1, 1e-08, nan
10000000.0, 1e-07, 300, 1, 1e-09, nan
10000000.0, 1e-07, 300, 1, 1e-10, nan
10000000.0, 1e-07, 300, 1, 1e-11, 0.48625097071510837
10000000.0, 1e-07, 500, 1, 1e-08, nan
10000000.0, 1e-07, 500, 1, 1e-09, nan
10000000.0, 1e-07, 500, 1, 1e-10, nan
10000000.0, 1e-07, 500, 1, 1e-11, 0.513947122629973
10000000.0, 1e-08, 50, 1, 1e-08, nan
10000000.0, 1e-08, 50, 1, 1e-09, nan
10000000.0, 1e-08, 50, 1, 1e-10, 0.20314533638558058
10000000.0, 1e-08, 50, 1, 1e-11, 0.5069582903506727
10000000.0, 1e-08, 75, 1, 1e-08, nan
10000000.0, 1e-08, 75, 1, 1e-09, nan
10000000.0, 1e-08, 75, 1, 1e-10, nan
10000000.0, 1e-08, 75, 1, 1e-11, 0.5181572654487631
10000000.0, 1e-08, 100, 1, 1e-08, nan
10000000.0, 1e-08, 100, 1, 1e-09, nan
10000000.0, 1e-08, 100, 1, 1e-10, nan
10000000.0, 1e-08, 100, 1, 1e-11, 0.47834140362314165
10000000.0, 1e-08, 200, 1, 1e-08, nan
10000000.0, 1e-08, 200, 1, 1e-09, nan
10000000.0, 1e-08, 200, 1, 1e-10, nan
10000000.0, 1e-08, 200, 1, 1e-11, 0.49896076207875323
10000000.0, 1e-08, 300, 1, 1e-08, nan
10000000.0, 1e-08, 300, 1, 1e-09, nan
10000000.0, 1e-08, 300, 1, 1e-10, nan
10000000.0, 1e-08, 300, 1, 1e-11, 0.4937263353400484
10000000.0, 1e-08, 500, 1, 1e-08, nan
10000000.0, 1e-08, 500, 1, 1e-09, nan
10000000.0, 1e-08, 500, 1, 1e-10, nan
10000000.0, 1e-08, 500, 1, 1e-11, 0.5143730825111441
10000000.0, 1e-09, 50, 1, 1e-08, nan
10000000.0, 1e-09, 50, 1, 1e-09, nan
10000000.0, 1e-09, 50, 1, 1e-10, 0.18818564643655328
10000000.0, 1e-09, 50, 1, 1e-11, 0.4833775427709399
10000000.0, 1e-09, 75, 1, 1e-08, nan
10000000.0, 1e-09, 75, 1, 1e-09, nan
10000000.0, 1e-09, 75, 1, 1e-10, nan
10000000.0, 1e-09, 75, 1, 1e-11, 0.49761178566536257
10000000.0, 1e-09, 100, 1, 1e-08, nan
10000000.0, 1e-09, 100, 1, 1e-09, nan
10000000.0, 1e-09, 100, 1, 1e-10, 0.20985420956167858
10000000.0, 1e-09, 100, 1, 1e-11, 0.531254411965445
10000000.0, 1e-09, 200, 1, 1e-08, nan
10000000.0, 1e-09, 200, 1, 1e-09, nan
10000000.0, 1e-09, 200, 1, 1e-10, nan
10000000.0, 1e-09, 200, 1, 1e-11, 0.5068271550590046
10000000.0, 1e-09, 300, 1, 1e-08, nan
10000000.0, 1e-09, 300, 1, 1e-09, nan
10000000.0, 1e-09, 300, 1, 1e-10, nan
10000000.0, 1e-09, 300, 1, 1e-11, 0.48705025290226894
10000000.0, 1e-09, 500, 1, 1e-08, nan
10000000.0, 1e-09, 500, 1, 1e-09, nan
10000000.0, 1e-09, 500, 1, 1e-10, nan
10000000.0, 1e-09, 500, 1, 1e-11, 0.5111835711577187
10000000.0, 1e-10, 50, 1, 1e-08, nan
10000000.0, 1e-10, 50, 1, 1e-09, nan
10000000.0, 1e-10, 50, 1, 1e-10, 0.16476745956217737
10000000.0, 1e-10, 50, 1, 1e-11, 0.4896224582471087
10000000.0, 1e-10, 75, 1, 1e-08, nan
10000000.0, 1e-10, 75, 1, 1e-09, nan
10000000.0, 1e-10, 75, 1, 1e-10, 0.2801059705668172
10000000.0, 1e-10, 75, 1, 1e-11, 0.5193020438114208
10000000.0, 1e-10, 100, 1, 1e-08, nan
10000000.0, 1e-10, 100, 1, 1e-09, nan
10000000.0, 1e-10, 100, 1, 1e-10, 0.14358949720915795
10000000.0, 1e-10, 100, 1, 1e-11, 0.49682681638865794
10000000.0, 1e-10, 200, 1, 1e-08, nan
10000000.0, 1e-10, 200, 1, 1e-09, nan
10000000.0, 1e-10, 200, 1, 1e-10, nan
10000000.0, 1e-10, 200, 1, 1e-11, 0.49395447568283657
10000000.0, 1e-10, 300, 1, 1e-08, nan
10000000.0, 1e-10, 300, 1, 1e-09, nan
10000000.0, 1e-10, 300, 1, 1e-10, nan
10000000.0, 1e-10, 300, 1, 1e-11, 0.48807079089250893
10000000.0, 1e-10, 500, 1, 1e-08, nan
10000000.0, 1e-10, 500, 1, 1e-09, nan
10000000.0, 1e-10, 500, 1, 1e-10, nan
10000000.0, 1e-10, 500, 1, 1e-11, 0.47543127939159935
1000000.0, 0.001, 50, 1, 1e-08, nan
1000000.0, 0.001, 50, 1, 1e-09, nan
1000000.0, 0.001, 50, 1, 1e-10, 0.514324403390164
1000000.0, 0.001, 50, 1, 1e-11, 0.17590490440010753
1000000.0, 0.001, 75, 1, 1e-08, nan
1000000.0, 0.001, 75, 1, 1e-09, nan
1000000.0, 0.001, 75, 1, 1e-10, 0.48533706720283837
1000000.0, 0.001, 75, 1, 1e-11, 0.17209809407511473
1000000.0, 0.001, 100, 1, 1e-08, nan
1000000.0, 0.001, 100, 1, 1e-09, nan
1000000.0, 0.001, 100, 1, 1e-10, 0.5002857059265051
1000000.0, 0.001, 100, 1, 1e-11, 0.16970268881439068
1000000.0, 0.001, 200, 1, 1e-08, nan
1000000.0, 0.001, 200, 1, 1e-09, nan
1000000.0, 0.001, 200, 1, 1e-10, 0.48492130800096367
1000000.0, 0.001, 200, 1, 1e-11, 0.1959617156549385
1000000.0, 0.001, 300, 1, 1e-08, nan
1000000.0, 0.001, 300, 1, 1e-09, nan
1000000.0, 0.001, 300, 1, 1e-10, 0.500681534795046
1000000.0, 0.001, 300, 1, 1e-11, 0.17792865559941606
1000000.0, 0.001, 500, 1, 1e-08, nan
1000000.0, 0.001, 500, 1, 1e-09, nan
1000000.0, 0.001, 500, 1, 1e-10, 0.521353212741954
1000000.0, 0.001, 500, 1, 1e-11, 0.1972125003458014
1000000.0, 0.0001, 50, 1, 1e-08, nan
1000000.0, 0.0001, 50, 1, 1e-09, nan
1000000.0, 0.0001, 50, 1, 1e-10, 0.5149105877523167
1000000.0, 0.0001, 50, 1, 1e-11, 0.19117134927774518
1000000.0, 0.0001, 75, 1, 1e-08, nan
1000000.0, 0.0001, 75, 1, 1e-09, nan
1000000.0, 0.0001, 75, 1, 1e-10, 0.5050677854724721
1000000.0, 0.0001, 75, 1, 1e-11, 0.16376156836915828
1000000.0, 0.0001, 100, 1, 1e-08, nan
1000000.0, 0.0001, 100, 1, 1e-09, nan
1000000.0, 0.0001, 100, 1, 1e-10, 0.4893640273855733
1000000.0, 0.0001, 100, 1, 1e-11, 0.19300492080576778
1000000.0, 0.0001, 200, 1, 1e-08, nan
1000000.0, 0.0001, 200, 1, 1e-09, nan
1000000.0, 0.0001, 200, 1, 1e-10, 0.5095026627492617
1000000.0, 0.0001, 200, 1, 1e-11, 0.19641603075213765
1000000.0, 0.0001, 300, 1, 1e-08, nan
1000000.0, 0.0001, 300, 1, 1e-09, nan
1000000.0, 0.0001, 300, 1, 1e-10, 0.5134949205589797
1000000.0, 0.0001, 300, 1, 1e-11, 0.16390853931532665
1000000.0, 0.0001, 500, 1, 1e-08, nan
1000000.0, 0.0001, 500, 1, 1e-09, nan
1000000.0, 0.0001, 500, 1, 1e-10, 0.5172388459875625
1000000.0, 0.0001, 500, 1, 1e-11, 0.1857779440146923
1000000.0, 1e-05, 50, 1, 1e-08, nan
1000000.0, 1e-05, 50, 1, 1e-09, nan
1000000.0, 1e-05, 50, 1, 1e-10, 0.4838105203630863
1000000.0, 1e-05, 50, 1, 1e-11, 0.1966732140018884
1000000.0, 1e-05, 75, 1, 1e-08, nan
1000000.0, 1e-05, 75, 1, 1e-09, nan
1000000.0, 1e-05, 75, 1, 1e-10, 0.4832971447880686
1000000.0, 1e-05, 75, 1, 1e-11, 0.1789004557424811
1000000.0, 1e-05, 100, 1, 1e-08, nan
1000000.0, 1e-05, 100, 1, 1e-09, nan
1000000.0, 1e-05, 100, 1, 1e-10, 0.497754845953637
1000000.0, 1e-05, 100, 1, 1e-11, 0.17168978265747817
1000000.0, 1e-05, 200, 1, 1e-08, nan
1000000.0, 1e-05, 200, 1, 1e-09, nan
1000000.0, 1e-05, 200, 1, 1e-10, 0.5102065611010799
1000000.0, 1e-05, 200, 1, 1e-11, 0.19642299389207626
1000000.0, 1e-05, 300, 1, 1e-08, nan
1000000.0, 1e-05, 300, 1, 1e-09, nan
1000000.0, 1e-05, 300, 1, 1e-10, 0.49014094082808635
1000000.0, 1e-05, 300, 1, 1e-11, 0.19380010755206029
1000000.0, 1e-05, 500, 1, 1e-08, nan
1000000.0, 1e-05, 500, 1, 1e-09, nan
1000000.0, 1e-05, 500, 1, 1e-10, 0.4980175558405333
1000000.0, 1e-05, 500, 1, 1e-11, 0.16128451198142923
1000000.0, 1e-06, 50, 1, 1e-08, nan
1000000.0, 1e-06, 50, 1, 1e-09, nan
1000000.0, 1e-06, 50, 1, 1e-10, 0.5141996498318505
1000000.0, 1e-06, 50, 1, 1e-11, 0.17766520875473893
1000000.0, 1e-06, 75, 1, 1e-08, nan
1000000.0, 1e-06, 75, 1, 1e-09, nan
1000000.0, 1e-06, 75, 1, 1e-10, 0.48978908632248896
1000000.0, 1e-06, 75, 1, 1e-11, 0.167904152148504
1000000.0, 1e-06, 100, 1, 1e-08, nan
1000000.0, 1e-06, 100, 1, 1e-09, nan
1000000.0, 1e-06, 100, 1, 1e-10, 0.5016402173925143
1000000.0, 1e-06, 100, 1, 1e-11, 0.1785253509863332
1000000.0, 1e-06, 200, 1, 1e-08, nan
1000000.0, 1e-06, 200, 1, 1e-09, nan
1000000.0, 1e-06, 200, 1, 1e-10, 0.5073962653723251
1000000.0, 1e-06, 200, 1, 1e-11, 0.19860485161868852
1000000.0, 1e-06, 300, 1, 1e-08, nan
1000000.0, 1e-06, 300, 1, 1e-09, nan
1000000.0, 1e-06, 300, 1, 1e-10, 0.5088068778344216
1000000.0, 1e-06, 300, 1, 1e-11, 0.19826809035489024
1000000.0, 1e-06, 500, 1, 1e-08, nan
1000000.0, 1e-06, 500, 1, 1e-09, nan
1000000.0, 1e-06, 500, 1, 1e-10, 0.49533194185543566
1000000.0, 1e-06, 500, 1, 1e-11, 0.1719002565146438
1000000.0, 1e-07, 50, 1, 1e-08, nan
1000000.0, 1e-07, 50, 1, 1e-09, nan
1000000.0, 1e-07, 50, 1, 1e-10, 0.5035570047940996
1000000.0, 1e-07, 50, 1, 1e-11, 0.1602421952152185
1000000.0, 1e-07, 75, 1, 1e-08, nan
1000000.0, 1e-07, 75, 1, 1e-09, nan
1000000.0, 1e-07, 75, 1, 1e-10, 0.4766950681197645
1000000.0, 1e-07, 75, 1, 1e-11, 0.20784916914526264
1000000.0, 1e-07, 100, 1, 1e-08, nan
1000000.0, 1e-07, 100, 1, 1e-09, nan
1000000.0, 1e-07, 100, 1, 1e-10, 0.5233159074562448
1000000.0, 1e-07, 100, 1, 1e-11, 0.17712481170158692
1000000.0, 1e-07, 200, 1, 1e-08, nan
1000000.0, 1e-07, 200, 1, 1e-09, nan
1000000.0, 1e-07, 200, 1, 1e-10, 0.5015431354382831
1000000.0, 1e-07, 200, 1, 1e-11, 0.19228444261729571
1000000.0, 1e-07, 300, 1, 1e-08, nan
1000000.0, 1e-07, 300, 1, 1e-09, nan
1000000.0, 1e-07, 300, 1, 1e-10, 0.5145467709492147
1000000.0, 1e-07, 300, 1, 1e-11, 0.19270175494053576
1000000.0, 1e-07, 500, 1, 1e-08, nan
1000000.0, 1e-07, 500, 1, 1e-09, nan
1000000.0, 1e-07, 500, 1, 1e-10, 0.48209464288853093
1000000.0, 1e-07, 500, 1, 1e-11, 0.18539196951462056
1000000.0, 1e-08, 50, 1, 1e-08, nan
1000000.0, 1e-08, 50, 1, 1e-09, nan
1000000.0, 1e-08, 50, 1, 1e-10, 0.47169443016214396
1000000.0, 1e-08, 50, 1, 1e-11, 0.20064759150444084
1000000.0, 1e-08, 75, 1, 1e-08, nan
1000000.0, 1e-08, 75, 1, 1e-09, nan
1000000.0, 1e-08, 75, 1, 1e-10, 0.4824574574070746
1000000.0, 1e-08, 75, 1, 1e-11, 0.1656952778685881
1000000.0, 1e-08, 100, 1, 1e-08, nan
1000000.0, 1e-08, 100, 1, 1e-09, nan
1000000.0, 1e-08, 100, 1, 1e-10, 0.5172977994320727
1000000.0, 1e-08, 100, 1, 1e-11, 0.16675982058197567
1000000.0, 1e-08, 200, 1, 1e-08, nan
1000000.0, 1e-08, 200, 1, 1e-09, nan
1000000.0, 1e-08, 200, 1, 1e-10, 0.5035809697916234
1000000.0, 1e-08, 200, 1, 1e-11, 0.17717539633683357
1000000.0, 1e-08, 300, 1, 1e-08, nan
1000000.0, 1e-08, 300, 1, 1e-09, nan
1000000.0, 1e-08, 300, 1, 1e-10, 0.49772280581360634
1000000.0, 1e-08, 300, 1, 1e-11, 0.20083762271567057
1000000.0, 1e-08, 500, 1, 1e-08, nan
1000000.0, 1e-08, 500, 1, 1e-09, nan
1000000.0, 1e-08, 500, 1, 1e-10, 0.5062851344711888
1000000.0, 1e-08, 500, 1, 1e-11, 0.18801597236739617
1000000.0, 1e-09, 50, 1, 1e-08, nan
1000000.0, 1e-09, 50, 1, 1e-09, nan
1000000.0, 1e-09, 50, 1, 1e-10, 0.48821150841616856
1000000.0, 1e-09, 50, 1, 1e-11, 0.21075725920369806
1000000.0, 1e-09, 75, 1, 1e-08, nan
1000000.0, 1e-09, 75, 1, 1e-09, nan
1000000.0, 1e-09, 75, 1, 1e-10, 0.5037969058235386
1000000.0, 1e-09, 75, 1, 1e-11, 0.155667292560195
1000000.0, 1e-09, 100, 1, 1e-08, nan
1000000.0, 1e-09, 100, 1, 1e-09, nan
1000000.0, 1e-09, 100, 1, 1e-10, 0.5064362920029919
1000000.0, 1e-09, 100, 1, 1e-11, 0.18396284942141178
1000000.0, 1e-09, 200, 1, 1e-08, nan
1000000.0, 1e-09, 200, 1, 1e-09, nan
1000000.0, 1e-09, 200, 1, 1e-10, 0.49771509155235405
1000000.0, 1e-09, 200, 1, 1e-11, 0.19287381261074743
1000000.0, 1e-09, 300, 1, 1e-08, nan
1000000.0, 1e-09, 300, 1, 1e-09, nan
1000000.0, 1e-09, 300, 1, 1e-10, 0.5047803714467463
1000000.0, 1e-09, 300, 1, 1e-11, 0.17984073393380004
1000000.0, 1e-09, 500, 1, 1e-08, nan
1000000.0, 1e-09, 500, 1, 1e-09, nan
1000000.0, 1e-09, 500, 1, 1e-10, 0.49110685421291955
1000000.0, 1e-09, 500, 1, 1e-11, 0.19244400723040186
1000000.0, 1e-10, 50, 1, 1e-08, nan
1000000.0, 1e-10, 50, 1, 1e-09, nan
1000000.0, 1e-10, 50, 1, 1e-10, 0.49636783086256786
1000000.0, 1e-10, 50, 1, 1e-11, 0.16170430868994054
1000000.0, 1e-10, 75, 1, 1e-08, nan
1000000.0, 1e-10, 75, 1, 1e-09, nan
1000000.0, 1e-10, 75, 1, 1e-10, 0.46817694030380963
1000000.0, 1e-10, 75, 1, 1e-11, 0.1654765483899251
1000000.0, 1e-10, 100, 1, 1e-08, nan
1000000.0, 1e-10, 100, 1, 1e-09, nan
1000000.0, 1e-10, 100, 1, 1e-10, 0.4983406398112351
1000000.0, 1e-10, 100, 1, 1e-11, 0.19874692897557772
1000000.0, 1e-10, 200, 1, 1e-08, nan
1000000.0, 1e-10, 200, 1, 1e-09, nan
1000000.0, 1e-10, 200, 1, 1e-10, 0.5012283775479919
1000000.0, 1e-10, 200, 1, 1e-11, 0.18565633338140586
1000000.0, 1e-10, 300, 1, 1e-08, nan
1000000.0, 1e-10, 300, 1, 1e-09, nan
1000000.0, 1e-10, 300, 1, 1e-10, 0.5016981520872712
1000000.0, 1e-10, 300, 1, 1e-11, 0.1753795575125235
1000000.0, 1e-10, 500, 1, 1e-08, nan
1000000.0, 1e-10, 500, 1, 1e-09, nan
1000000.0, 1e-10, 500, 1, 1e-10, 0.5010194115891597
1000000.0, 1e-10, 500, 1, 1e-11, 0.18362359149490415
100000.0, 0.001, 50, 1, 1e-08, nan
100000.0, 0.001, 50, 1, 1e-09, 0.4806935493545623
100000.0, 0.001, 50, 1, 1e-10, 0.1661154955815925
100000.0, 0.001, 50, 1, 1e-11, 0.18912890253711143
100000.0, 0.001, 75, 1, 1e-08, nan
100000.0, 0.001, 75, 1, 1e-09, 0.49808584455694926
100000.0, 0.001, 75, 1, 1e-10, 0.18634853860049702
100000.0, 0.001, 75, 1, 1e-11, 0.1598312420806685
100000.0, 0.001, 100, 1, 1e-08, nan
100000.0, 0.001, 100, 1, 1e-09, 0.5044649542739489
100000.0, 0.001, 100, 1, 1e-10, 0.18382454003970722
100000.0, 0.001, 100, 1, 1e-11, 0.1743656362818706
100000.0, 0.001, 200, 1, 1e-08, nan
100000.0, 0.001, 200, 1, 1e-09, 0.5003773512400751
100000.0, 0.001, 200, 1, 1e-10, 0.1854515001493261
100000.0, 0.001, 200, 1, 1e-11, 0.17936498667601083
100000.0, 0.001, 300, 1, 1e-08, nan
100000.0, 0.001, 300, 1, 1e-09, 0.5076717592880655
100000.0, 0.001, 300, 1, 1e-10, 0.1727451065466285
100000.0, 0.001, 300, 1, 1e-11, 0.19297033694970608
100000.0, 0.001, 500, 1, 1e-08, nan
100000.0, 0.001, 500, 1, 1e-09, 0.5070281950565111
100000.0, 0.001, 500, 1, 1e-10, 0.23274917587944532
100000.0, 0.001, 500, 1, 1e-11, 0.15283174469240346
100000.0, 0.0001, 50, 1, 1e-08, nan
100000.0, 0.0001, 50, 1, 1e-09, 0.5062227402835368
100000.0, 0.0001, 50, 1, 1e-10, 0.18269094244865458
100000.0, 0.0001, 50, 1, 1e-11, 0.17667441420663166
100000.0, 0.0001, 75, 1, 1e-08, nan
100000.0, 0.0001, 75, 1, 1e-09, 0.4857706824683396
100000.0, 0.0001, 75, 1, 1e-10, 0.16417393532995464
100000.0, 0.0001, 75, 1, 1e-11, 0.19647888657357818
100000.0, 0.0001, 100, 1, 1e-08, nan
100000.0, 0.0001, 100, 1, 1e-09, 0.5010472691383643
100000.0, 0.0001, 100, 1, 1e-10, 0.19994609558242116
100000.0, 0.0001, 100, 1, 1e-11, 0.16600108925326432
100000.0, 0.0001, 200, 1, 1e-08, nan
100000.0, 0.0001, 200, 1, 1e-09, 0.5086945276427781
100000.0, 0.0001, 200, 1, 1e-10, 0.1458435910727386
100000.0, 0.0001, 200, 1, 1e-11, 0.1775487666964776
100000.0, 0.0001, 300, 1, 1e-08, nan
100000.0, 0.0001, 300, 1, 1e-09, 0.4962554482235676
100000.0, 0.0001, 300, 1, 1e-10, 0.17271349412183418
100000.0, 0.0001, 300, 1, 1e-11, 0.18685886362865034
100000.0, 0.0001, 500, 1, 1e-08, nan
100000.0, 0.0001, 500, 1, 1e-09, 0.5017650590144807
100000.0, 0.0001, 500, 1, 1e-10, 0.14365701117403323
100000.0, 0.0001, 500, 1, 1e-11, 0.19011178889767374
100000.0, 1e-05, 50, 1, 1e-08, nan
100000.0, 1e-05, 50, 1, 1e-09, 0.49824346108292283
100000.0, 1e-05, 50, 1, 1e-10, 0.17762739124543414
100000.0, 1e-05, 50, 1, 1e-11, 0.17287288103655377
100000.0, 1e-05, 75, 1, 1e-08, nan
100000.0, 1e-05, 75, 1, 1e-09, 0.5182895632564365
100000.0, 1e-05, 75, 1, 1e-10, 0.1715772950981153
100000.0, 1e-05, 75, 1, 1e-11, 0.15229584795198786
100000.0, 1e-05, 100, 1, 1e-08, nan
100000.0, 1e-05, 100, 1, 1e-09, 0.5032940232810297
100000.0, 1e-05, 100, 1, 1e-10, 0.16584986997642406
100000.0, 1e-05, 100, 1, 1e-11, 0.1929148468442575
100000.0, 1e-05, 200, 1, 1e-08, nan
100000.0, 1e-05, 200, 1, 1e-09, 0.501865938286313
100000.0, 1e-05, 200, 1, 1e-10, 0.17125609537965425
100000.0, 1e-05, 200, 1, 1e-11, 0.17438236310489327
100000.0, 1e-05, 300, 1, 1e-08, nan
100000.0, 1e-05, 300, 1, 1e-09, 0.4870901270309497
100000.0, 1e-05, 300, 1, 1e-10, 0.18400154334988353
100000.0, 1e-05, 300, 1, 1e-11, 0.18891490980068895
100000.0, 1e-05, 500, 1, 1e-08, nan
100000.0, 1e-05, 500, 1, 1e-09, 0.4757405127471182
100000.0, 1e-05, 500, 1, 1e-10, 0.17581373210217563
100000.0, 1e-05, 500, 1, 1e-11, 0.16568617370449087
100000.0, 1e-06, 50, 1, 1e-08, nan
100000.0, 1e-06, 50, 1, 1e-09, 0.5167782825683582
100000.0, 1e-06, 50, 1, 1e-10, 0.1818259293849961
100000.0, 1e-06, 50, 1, 1e-11, 0.17673795752986166
100000.0, 1e-06, 75, 1, 1e-08, nan
100000.0, 1e-06, 75, 1, 1e-09, 0.5099314963228136
100000.0, 1e-06, 75, 1, 1e-10, 0.18050009028618674
100000.0, 1e-06, 75, 1, 1e-11, 0.1828704348318185
100000.0, 1e-06, 100, 1, 1e-08, nan
100000.0, 1e-06, 100, 1, 1e-09, 0.48355538400562736
100000.0, 1e-06, 100, 1, 1e-10, 0.18800084484227295
100000.0, 1e-06, 100, 1, 1e-11, 0.17646814309837988
100000.0, 1e-06, 200, 1, 1e-08, nan
100000.0, 1e-06, 200, 1, 1e-09, 0.500787423951235
100000.0, 1e-06, 200, 1, 1e-10, 0.1592520311003603
100000.0, 1e-06, 200, 1, 1e-11, 0.15858872353549708
100000.0, 1e-06, 300, 1, 1e-08, nan
100000.0, 1e-06, 300, 1, 1e-09, 0.47999279429414693
100000.0, 1e-06, 300, 1, 1e-10, 0.1980603537866104
100000.0, 1e-06, 300, 1, 1e-11, 0.17301564386373208
100000.0, 1e-06, 500, 1, 1e-08, nan
100000.0, 1e-06, 500, 1, 1e-09, 0.49063177408029296
100000.0, 1e-06, 500, 1, 1e-10, 0.19480699678388277
100000.0, 1e-06, 500, 1, 1e-11, 0.1740060508434929
100000.0, 1e-07, 50, 1, 1e-08, nan
100000.0, 1e-07, 50, 1, 1e-09, 0.4843831095043243
100000.0, 1e-07, 50, 1, 1e-10, 0.16405180675363623
100000.0, 1e-07, 50, 1, 1e-11, 0.18197407728202067
100000.0, 1e-07, 75, 1, 1e-08, nan
100000.0, 1e-07, 75, 1, 1e-09, 0.4963944951382169
100000.0, 1e-07, 75, 1, 1e-10, 0.1651003299073023
100000.0, 1e-07, 75, 1, 1e-11, 0.15751195661821218
100000.0, 1e-07, 100, 1, 1e-08, nan
100000.0, 1e-07, 100, 1, 1e-09, 0.4938886957533222
100000.0, 1e-07, 100, 1, 1e-10, 0.16317733990635486
100000.0, 1e-07, 100, 1, 1e-11, 0.19157851799303124
100000.0, 1e-07, 200, 1, 1e-08, nan
100000.0, 1e-07, 200, 1, 1e-09, 0.5039620417509382
100000.0, 1e-07, 200, 1, 1e-10, 0.20053211160811885
100000.0, 1e-07, 200, 1, 1e-11, 0.14485085659222915
100000.0, 1e-07, 300, 1, 1e-08, nan
100000.0, 1e-07, 300, 1, 1e-09, 0.4907935024070988
100000.0, 1e-07, 300, 1, 1e-10, 0.2018982526521526
100000.0, 1e-07, 300, 1, 1e-11, 0.16373152595069368
100000.0, 1e-07, 500, 1, 1e-08, nan
100000.0, 1e-07, 500, 1, 1e-09, 0.5010599171037992
100000.0, 1e-07, 500, 1, 1e-10, 0.18578569714031254
100000.0, 1e-07, 500, 1, 1e-11, 0.18118605359517226
100000.0, 1e-08, 50, 1, 1e-08, nan
100000.0, 1e-08, 50, 1, 1e-09, 0.4958233061789646
100000.0, 1e-08, 50, 1, 1e-10, 0.19046779559437862
100000.0, 1e-08, 50, 1, 1e-11, 0.1918663428010162
100000.0, 1e-08, 75, 1, 1e-08, nan
100000.0, 1e-08, 75, 1, 1e-09, 0.4779240203530197
100000.0, 1e-08, 75, 1, 1e-10, 0.17252788046639617
100000.0, 1e-08, 75, 1, 1e-11, 0.15291994936060466
100000.0, 1e-08, 100, 1, 1e-08, nan
100000.0, 1e-08, 100, 1, 1e-09, 0.4958076318588467
100000.0, 1e-08, 100, 1, 1e-10, 0.19040614611382048
100000.0, 1e-08, 100, 1, 1e-11, 0.17448169842620498
100000.0, 1e-08, 200, 1, 1e-08, nan
100000.0, 1e-08, 200, 1, 1e-09, 0.483790992854118
100000.0, 1e-08, 200, 1, 1e-10, 0.19650910571259395
100000.0, 1e-08, 200, 1, 1e-11, 0.17378418613945548
100000.0, 1e-08, 300, 1, 1e-08, nan
100000.0, 1e-08, 300, 1, 1e-09, 0.503323113379252
100000.0, 1e-08, 300, 1, 1e-10, 0.2149149925066748
100000.0, 1e-08, 300, 1, 1e-11, 0.1908817552539916
100000.0, 1e-08, 500, 1, 1e-08, nan
100000.0, 1e-08, 500, 1, 1e-09, 0.49057200779620275
100000.0, 1e-08, 500, 1, 1e-10, 0.19185043975259317
100000.0, 1e-08, 500, 1, 1e-11, 0.1748091785051587
100000.0, 1e-09, 50, 1, 1e-08, nan
100000.0, 1e-09, 50, 1, 1e-09, 0.5079317500617978
100000.0, 1e-09, 50, 1, 1e-10, 0.197160300542494
100000.0, 1e-09, 50, 1, 1e-11, 0.19091224454919548
100000.0, 1e-09, 75, 1, 1e-08, nan
100000.0, 1e-09, 75, 1, 1e-09, 0.5047862893700655
100000.0, 1e-09, 75, 1, 1e-10, 0.18556068942375006
100000.0, 1e-09, 75, 1, 1e-11, 0.16835912862498353
100000.0, 1e-09, 100, 1, 1e-08, nan
100000.0, 1e-09, 100, 1, 1e-09, 0.5109769246828031
100000.0, 1e-09, 100, 1, 1e-10, 0.18252590553751769
100000.0, 1e-09, 100, 1, 1e-11, 0.19398969212966796
100000.0, 1e-09, 200, 1, 1e-08, nan
100000.0, 1e-09, 200, 1, 1e-09, 0.519065724656885
100000.0, 1e-09, 200, 1, 1e-10, 0.16428804765777102
100000.0, 1e-09, 200, 1, 1e-11, 0.1752167938398646
100000.0, 1e-09, 300, 1, 1e-08, nan
100000.0, 1e-09, 300, 1, 1e-09, 0.503437690483123
100000.0, 1e-09, 300, 1, 1e-10, 0.1762632286669723
100000.0, 1e-09, 300, 1, 1e-11, 0.19069968309623225
100000.0, 1e-09, 500, 1, 1e-08, nan
100000.0, 1e-09, 500, 1, 1e-09, 0.49502745599725223
100000.0, 1e-09, 500, 1, 1e-10, 0.18031182014376557
100000.0, 1e-09, 500, 1, 1e-11, 0.16431663597210605
100000.0, 1e-10, 50, 1, 1e-08, nan
100000.0, 1e-10, 50, 1, 1e-09, 0.5047441602901057
100000.0, 1e-10, 50, 1, 1e-10, 0.15318356058864777
100000.0, 1e-10, 50, 1, 1e-11, 0.15101000926818306
100000.0, 1e-10, 75, 1, 1e-08, nan
100000.0, 1e-10, 75, 1, 1e-09, 0.5007412667090692
100000.0, 1e-10, 75, 1, 1e-10, 0.2125916405036095
100000.0, 1e-10, 75, 1, 1e-11, 0.17316043200858344
100000.0, 1e-10, 100, 1, 1e-08, nan
100000.0, 1e-10, 100, 1, 1e-09, 0.4903958583703959
100000.0, 1e-10, 100, 1, 1e-10, 0.17196090644689935
100000.0, 1e-10, 100, 1, 1e-11, 0.18476366623721607
100000.0, 1e-10, 200, 1, 1e-08, nan
100000.0, 1e-10, 200, 1, 1e-09, 0.49697648368059744
100000.0, 1e-10, 200, 1, 1e-10, 0.1873192299007126
100000.0, 1e-10, 200, 1, 1e-11, 0.17327071706469077
100000.0, 1e-10, 300, 1, 1e-08, nan
100000.0, 1e-10, 300, 1, 1e-09, 0.5003877894344987
100000.0, 1e-10, 300, 1, 1e-10, 0.17987528253568758
100000.0, 1e-10, 300, 1, 1e-11, 0.173730182955335
100000.0, 1e-10, 500, 1, 1e-08, nan
100000.0, 1e-10, 500, 1, 1e-09, 0.500982618964695
100000.0, 1e-10, 500, 1, 1e-10, 0.20116372242304664
100000.0, 1e-10, 500, 1, 1e-11, 0.20522251003160857
10000.0, 0.001, 50, 1, 1e-08, 0.5107109823293551
10000.0, 0.001, 50, 1, 1e-09, 0.17368756050296677
10000.0, 0.001, 50, 1, 1e-10, 0.126545300729249
10000.0, 0.001, 50, 1, 1e-11, 0.17429783219233133
10000.0, 0.001, 75, 1, 1e-08, 0.480917126536819
10000.0, 0.001, 75, 1, 1e-09, 0.1883044201342852
10000.0, 0.001, 75, 1, 1e-10, 0.17081332011286282
10000.0, 0.001, 75, 1, 1e-11, 0.1744422120846933
10000.0, 0.001, 100, 1, 1e-08, 0.4817224217584228
10000.0, 0.001, 100, 1, 1e-09, 0.190148686771828
10000.0, 0.001, 100, 1, 1e-10, 0.1609930259143611
10000.0, 0.001, 100, 1, 1e-11, 0.17600411607438218
10000.0, 0.001, 200, 1, 1e-08, 0.48736202862646144
10000.0, 0.001, 200, 1, 1e-09, 0.1483587941108167
10000.0, 0.001, 200, 1, 1e-10, 0.19682604238557164
10000.0, 0.001, 200, 1, 1e-11, 0.18596954826938764
10000.0, 0.001, 300, 1, 1e-08, 0.5065247643197989
10000.0, 0.001, 300, 1, 1e-09, 0.1914245516503649
10000.0, 0.001, 300, 1, 1e-10, 0.1507893749294476
10000.0, 0.001, 300, 1, 1e-11, 0.16908059647812115
10000.0, 0.001, 500, 1, 1e-08, 0.4894691912245987
10000.0, 0.001, 500, 1, 1e-09, 0.17099183345808627
10000.0, 0.001, 500, 1, 1e-10, 0.174295916845957
10000.0, 0.001, 500, 1, 1e-11, 0.17833463957983894
10000.0, 0.0001, 50, 1, 1e-08, 0.48672204983712825
10000.0, 0.0001, 50, 1, 1e-09, 0.18024631432360855
10000.0, 0.0001, 50, 1, 1e-10, 0.14913668466552915
10000.0, 0.0001, 50, 1, 1e-11, 0.18311693478067387
10000.0, 0.0001, 75, 1, 1e-08, 0.5065130779200695
10000.0, 0.0001, 75, 1, 1e-09, 0.19975822187977496
10000.0, 0.0001, 75, 1, 1e-10, 0.15566768620940305
10000.0, 0.0001, 75, 1, 1e-11, 0.18633571071996374
10000.0, 0.0001, 100, 1, 1e-08, 0.49740415178222286
10000.0, 0.0001, 100, 1, 1e-09, 0.16921267973712378
10000.0, 0.0001, 100, 1, 1e-10, 0.1916968294667537
10000.0, 0.0001, 100, 1, 1e-11, 0.1664821320772464
10000.0, 0.0001, 200, 1, 1e-08, 0.5074907725823521
10000.0, 0.0001, 200, 1, 1e-09, 0.17763354933043568
10000.0, 0.0001, 200, 1, 1e-10, 0.1923228227038303
10000.0, 0.0001, 200, 1, 1e-11, 0.18359297996801563
10000.0, 0.0001, 300, 1, 1e-08, 0.4998050157485985
10000.0, 0.0001, 300, 1, 1e-09, 0.18074232893982778
10000.0, 0.0001, 300, 1, 1e-10, 0.17220965614398992
10000.0, 0.0001, 300, 1, 1e-11, 0.17021603082868317
10000.0, 0.0001, 500, 1, 1e-08, 0.4984979256484431
10000.0, 0.0001, 500, 1, 1e-09, 0.1828786375569841
10000.0, 0.0001, 500, 1, 1e-10, 0.18567272579790692
10000.0, 0.0001, 500, 1, 1e-11, 0.1357166805221548
10000.0, 1e-05, 50, 1, 1e-08, 0.5166171609808508
10000.0, 1e-05, 50, 1, 1e-09, 0.18891367157498787
10000.0, 1e-05, 50, 1, 1e-10, 0.1749778621533128
10000.0, 1e-05, 50, 1, 1e-11, 0.15596476549414642
10000.0, 1e-05, 75, 1, 1e-08, 0.5087427711834954
10000.0, 1e-05, 75, 1, 1e-09, 0.1575550969667963
10000.0, 1e-05, 75, 1, 1e-10, 0.15957373939622962
10000.0, 1e-05, 75, 1, 1e-11, 0.1818242849744556
10000.0, 1e-05, 100, 1, 1e-08, 0.5038402103719587
10000.0, 1e-05, 100, 1, 1e-09, 0.18042761224100226
10000.0, 1e-05, 100, 1, 1e-10, 0.16743088612539203
10000.0, 1e-05, 100, 1, 1e-11, 0.18143752064848162
10000.0, 1e-05, 200, 1, 1e-08, 0.48768640297716
10000.0, 1e-05, 200, 1, 1e-09, 0.1895307005606459
10000.0, 1e-05, 200, 1, 1e-10, 0.18517662875188365
10000.0, 1e-05, 200, 1, 1e-11, 0.17234588334242837
10000.0, 1e-05, 300, 1, 1e-08, 0.4898013213735459
10000.0, 1e-05, 300, 1, 1e-09, 0.18119432669646277
10000.0, 1e-05, 300, 1, 1e-10, 0.18596444911182886
10000.0, 1e-05, 300, 1, 1e-11, 0.16723073527385907
10000.0, 1e-05, 500, 1, 1e-08, 0.5041227546802949
10000.0, 1e-05, 500, 1, 1e-09, 0.20057414364987522
10000.0, 1e-05, 500, 1, 1e-10, 0.17536224730770023
10000.0, 1e-05, 500, 1, 1e-11, 0.18085512814196547
10000.0, 1e-06, 50, 1, 1e-08, 0.49589739370423
10000.0, 1e-06, 50, 1, 1e-09, 0.18727103907082887
10000.0, 1e-06, 50, 1, 1e-10, 0.19109958326022547
10000.0, 1e-06, 50, 1, 1e-11, 0.18083897916871267
10000.0, 1e-06, 75, 1, 1e-08, 0.5018013082955198
10000.0, 1e-06, 75, 1, 1e-09, 0.18895803692104537
10000.0, 1e-06, 75, 1, 1e-10, 0.17815948075887064
10000.0, 1e-06, 75, 1, 1e-11, 0.1881332066241355
10000.0, 1e-06, 100, 1, 1e-08, 0.48219654331211764
10000.0, 1e-06, 100, 1, 1e-09, 0.17657969300204215
10000.0, 1e-06, 100, 1, 1e-10, 0.1665929014204009
10000.0, 1e-06, 100, 1, 1e-11, 0.1772287100743936
10000.0, 1e-06, 200, 1, 1e-08, 0.49748210349677785
10000.0, 1e-06, 200, 1, 1e-09, 0.20202057866593093
10000.0, 1e-06, 200, 1, 1e-10, 0.15897501142094245
10000.0, 1e-06, 200, 1, 1e-11, 0.17067657429697902
10000.0, 1e-06, 300, 1, 1e-08, 0.4978723937830004
10000.0, 1e-06, 300, 1, 1e-09, 0.1794475037799964
10000.0, 1e-06, 300, 1, 1e-10, 0.19330390452397075
10000.0, 1e-06, 300, 1, 1e-11, 0.1840616374756844
10000.0, 1e-06, 500, 1, 1e-08, 0.49820535287865547
10000.0, 1e-06, 500, 1, 1e-09, 0.1709584202147134
10000.0, 1e-06, 500, 1, 1e-10, 0.17014684538401334
10000.0, 1e-06, 500, 1, 1e-11, 0.16810027141995332
10000.0, 1e-07, 50, 1, 1e-08, 0.5048111005016895
10000.0, 1e-07, 50, 1, 1e-09, 0.18259756411028125
10000.0, 1e-07, 50, 1, 1e-10, 0.16727899111978786
10000.0, 1e-07, 50, 1, 1e-11, 0.16932116321595192
10000.0, 1e-07, 75, 1, 1e-08, 0.5055646401633314
10000.0, 1e-07, 75, 1, 1e-09, 0.18973341246099196
10000.0, 1e-07, 75, 1, 1e-10, 0.1563796220284744
10000.0, 1e-07, 75, 1, 1e-11, 0.1793199015519794
10000.0, 1e-07, 100, 1, 1e-08, 0.49527061875774303
10000.0, 1e-07, 100, 1, 1e-09, 0.1854629928910581
10000.0, 1e-07, 100, 1, 1e-10, 0.15330260545372956
10000.0, 1e-07, 100, 1, 1e-11, 0.18158825119091673
10000.0, 1e-07, 200, 1, 1e-08, 0.4983699110003324
10000.0, 1e-07, 200, 1, 1e-09, 0.17368407052317683
10000.0, 1e-07, 200, 1, 1e-10, 0.17539358499808944
10000.0, 1e-07, 200, 1, 1e-11, 0.1698735557168444
10000.0, 1e-07, 300, 1, 1e-08, 0.5158639035829037
10000.0, 1e-07, 300, 1, 1e-09, 0.19796806139506612
10000.0, 1e-07, 300, 1, 1e-10, 0.16693887718455055
10000.0, 1e-07, 300, 1, 1e-11, 0.1584219704072761
10000.0, 1e-07, 500, 1, 1e-08, 0.5139505547907534
10000.0, 1e-07, 500, 1, 1e-09, 0.18571536526734364
10000.0, 1e-07, 500, 1, 1e-10, 0.18325349165148985
10000.0, 1e-07, 500, 1, 1e-11, 0.17358954967225163
10000.0, 1e-08, 50, 1, 1e-08, 0.5066734386248606
10000.0, 1e-08, 50, 1, 1e-09, 0.16563672483313505
10000.0, 1e-08, 50, 1, 1e-10, 0.18944961085971523
10000.0, 1e-08, 50, 1, 1e-11, 0.17358523113859878
10000.0, 1e-08, 75, 1, 1e-08, 0.49603924205987054
10000.0, 1e-08, 75, 1, 1e-09, 0.1698832801174399
10000.0, 1e-08, 75, 1, 1e-10, 0.16449964092558364
10000.0, 1e-08, 75, 1, 1e-11, 0.18613822698553623
10000.0, 1e-08, 100, 1, 1e-08, 0.5022705054340293
10000.0, 1e-08, 100, 1, 1e-09, 0.15874811747980444
10000.0, 1e-08, 100, 1, 1e-10, 0.15736119915193952
10000.0, 1e-08, 100, 1, 1e-11, 0.19337624012178647
10000.0, 1e-08, 200, 1, 1e-08, 0.5040290587258832
10000.0, 1e-08, 200, 1, 1e-09, 0.1629151563862311
10000.0, 1e-08, 200, 1, 1e-10, 0.1834992178351799
10000.0, 1e-08, 200, 1, 1e-11, 0.196806021820492
10000.0, 1e-08, 300, 1, 1e-08, 0.5185335547564136
10000.0, 1e-08, 300, 1, 1e-09, 0.19304889550574683
10000.0, 1e-08, 300, 1, 1e-10, 0.16968775368084124
10000.0, 1e-08, 300, 1, 1e-11, 0.15357572664615382
10000.0, 1e-08, 500, 1, 1e-08, 0.501625066219132
10000.0, 1e-08, 500, 1, 1e-09, 0.19526809045593346
10000.0, 1e-08, 500, 1, 1e-10, 0.16942393825946042
10000.0, 1e-08, 500, 1, 1e-11, 0.17044148430967762
10000.0, 1e-09, 50, 1, 1e-08, 0.501153915730488
10000.0, 1e-09, 50, 1, 1e-09, 0.16720603943313442
10000.0, 1e-09, 50, 1, 1e-10, 0.17215013249910027
10000.0, 1e-09, 50, 1, 1e-11, 0.16805860457234378
10000.0, 1e-09, 75, 1, 1e-08, 0.49952969935529123
10000.0, 1e-09, 75, 1, 1e-09, 0.20060431781811727
10000.0, 1e-09, 75, 1, 1e-10, 0.17729493122750284
10000.0, 1e-09, 75, 1, 1e-11, 0.1659358591772979
10000.0, 1e-09, 100, 1, 1e-08, 0.5093612410931232
10000.0, 1e-09, 100, 1, 1e-09, 0.15680209162233807
10000.0, 1e-09, 100, 1, 1e-10, 0.16673518576218968
10000.0, 1e-09, 100, 1, 1e-11, 0.15804840087054173
10000.0, 1e-09, 200, 1, 1e-08, 0.5143856989016328
10000.0, 1e-09, 200, 1, 1e-09, 0.1920938346188969
10000.0, 1e-09, 200, 1, 1e-10, 0.15658583149685673
10000.0, 1e-09, 200, 1, 1e-11, 0.17019158997873984
10000.0, 1e-09, 300, 1, 1e-08, 0.49662018155123455
10000.0, 1e-09, 300, 1, 1e-09, 0.17701762189366527
10000.0, 1e-09, 300, 1, 1e-10, 0.18953602900485766
10000.0, 1e-09, 300, 1, 1e-11, 0.1692606690174001
10000.0, 1e-09, 500, 1, 1e-08, 0.5065083088428577
10000.0, 1e-09, 500, 1, 1e-09, 0.1649283786518069
10000.0, 1e-09, 500, 1, 1e-10, 0.17931223371288474
10000.0, 1e-09, 500, 1, 1e-11, 0.1894443159546483
10000.0, 1e-10, 50, 1, 1e-08, 0.4804897054397616
10000.0, 1e-10, 50, 1, 1e-09, 0.1670876595731164
10000.0, 1e-10, 50, 1, 1e-10, 0.18411289706857464
10000.0, 1e-10, 50, 1, 1e-11, 0.19381744453100264
10000.0, 1e-10, 75, 1, 1e-08, 0.5125146761371099
10000.0, 1e-10, 75, 1, 1e-09, 0.1711478158536261
10000.0, 1e-10, 75, 1, 1e-10, 0.203850991589711
10000.0, 1e-10, 75, 1, 1e-11, 0.15920422631646286
10000.0, 1e-10, 100, 1, 1e-08, 0.4945817996598126
10000.0, 1e-10, 100, 1, 1e-09, 0.1512384075305866
10000.0, 1e-10, 100, 1, 1e-10, 0.1777905762364539
10000.0, 1e-10, 100, 1, 1e-11, 0.1626071439073413
10000.0, 1e-10, 200, 1, 1e-08, 0.506030059133935
10000.0, 1e-10, 200, 1, 1e-09, 0.1756852201079212
10000.0, 1e-10, 200, 1, 1e-10, 0.1706920828163874
10000.0, 1e-10, 200, 1, 1e-11, 0.15354281510482667
10000.0, 1e-10, 300, 1, 1e-08, 0.492055860209663
10000.0, 1e-10, 300, 1, 1e-09, 0.16637741800312625
10000.0, 1e-10, 300, 1, 1e-10, 0.13865999976776427
10000.0, 1e-10, 300, 1, 1e-11, 0.17236940038088686
10000.0, 1e-10, 500, 1, 1e-08, 0.5139153759294298
10000.0, 1e-10, 500, 1, 1e-09, 0.1931814081194391
10000.0, 1e-10, 500, 1, 1e-10, 0.1688333267907822
10000.0, 1e-10, 500, 1, 1e-11, 0.13711441353454568
1000.0, 0.001, 50, 1, 1e-08, 0.1662176146365101
1000.0, 0.001, 50, 1, 1e-09, 0.16641349375108586
1000.0, 0.001, 50, 1, 1e-10, 0.17443913943687214
1000.0, 0.001, 50, 1, 1e-11, 0.16672315170556562
1000.0, 0.001, 75, 1, 1e-08, 0.19969469924573194
1000.0, 0.001, 75, 1, 1e-09, 0.1669691709410875
1000.0, 0.001, 75, 1, 1e-10, 0.1509412949883771
1000.0, 0.001, 75, 1, 1e-11, 0.1841763175909802
1000.0, 0.001, 100, 1, 1e-08, 0.17393888076738195
1000.0, 0.001, 100, 1, 1e-09, 0.16591309145042982
1000.0, 0.001, 100, 1, 1e-10, 0.19564159069918388
1000.0, 0.001, 100, 1, 1e-11, 0.20229143016745688
1000.0, 0.001, 200, 1, 1e-08, 0.16396228837487584
1000.0, 0.001, 200, 1, 1e-09, 0.1623471264737711
1000.0, 0.001, 200, 1, 1e-10, 0.1647022258064453
1000.0, 0.001, 200, 1, 1e-11, 0.18833520549537408
1000.0, 0.001, 300, 1, 1e-08, 0.19581822462816617
1000.0, 0.001, 300, 1, 1e-09, 0.1748454724840865
1000.0, 0.001, 300, 1, 1e-10, 0.1634394131671864
1000.0, 0.001, 300, 1, 1e-11, 0.1536022835933811
1000.0, 0.001, 500, 1, 1e-08, 0.1775931782190688
1000.0, 0.001, 500, 1, 1e-09, 0.15545303990915907
1000.0, 0.001, 500, 1, 1e-10, 0.17281221409027558
1000.0, 0.001, 500, 1, 1e-11, 0.18940248844581017
1000.0, 0.0001, 50, 1, 1e-08, 0.15726766655735605
1000.0, 0.0001, 50, 1, 1e-09, 0.17053675722514247
1000.0, 0.0001, 50, 1, 1e-10, 0.19404169647324715
1000.0, 0.0001, 50, 1, 1e-11, 0.18542957611827648
1000.0, 0.0001, 75, 1, 1e-08, 0.18265841082246437
1000.0, 0.0001, 75, 1, 1e-09, 0.1880307514809546
1000.0, 0.0001, 75, 1, 1e-10, 0.16109425823077728
1000.0, 0.0001, 75, 1, 1e-11, 0.16630724496409652
1000.0, 0.0001, 100, 1, 1e-08, 0.17397573414282455
1000.0, 0.0001, 100, 1, 1e-09, 0.1746782452616351
1000.0, 0.0001, 100, 1, 1e-10, 0.1616264148923241
1000.0, 0.0001, 100, 1, 1e-11, 0.17652054851523263
1000.0, 0.0001, 200, 1, 1e-08, 0.15690616092468673
1000.0, 0.0001, 200, 1, 1e-09, 0.18242748981316054
1000.0, 0.0001, 200, 1, 1e-10, 0.16090808086747674
1000.0, 0.0001, 200, 1, 1e-11, 0.16837943058415597
1000.0, 0.0001, 300, 1, 1e-08, 0.2027801104137307
1000.0, 0.0001, 300, 1, 1e-09, 0.15875527497466652
1000.0, 0.0001, 300, 1, 1e-10, 0.17658231806168798
1000.0, 0.0001, 300, 1, 1e-11, 0.16159378492958074
1000.0, 0.0001, 500, 1, 1e-08, 0.19725826870922636
1000.0, 0.0001, 500, 1, 1e-09, 0.1621777859090246
1000.0, 0.0001, 500, 1, 1e-10, 0.17441818641905737
1000.0, 0.0001, 500, 1, 1e-11, 0.17163221197644682
1000.0, 1e-05, 50, 1, 1e-08, 0.16443363444327413
1000.0, 1e-05, 50, 1, 1e-09, 0.197461798325148
1000.0, 1e-05, 50, 1, 1e-10, 0.1575303512111525
1000.0, 1e-05, 50, 1, 1e-11, 0.176212375253049
1000.0, 1e-05, 75, 1, 1e-08, 0.18830201689215392
1000.0, 1e-05, 75, 1, 1e-09, 0.17079707824303142
1000.0, 1e-05, 75, 1, 1e-10, 0.16615029746917123
1000.0, 1e-05, 75, 1, 1e-11, 0.1666650478611239
1000.0, 1e-05, 100, 1, 1e-08, 0.1754603236941665
1000.0, 1e-05, 100, 1, 1e-09, 0.16470275241262855
1000.0, 1e-05, 100, 1, 1e-10, 0.17547153105170227
1000.0, 1e-05, 100, 1, 1e-11, 0.176929413191144
1000.0, 1e-05, 200, 1, 1e-08, 0.15803977716148646
1000.0, 1e-05, 200, 1, 1e-09, 0.15871145683042917
1000.0, 1e-05, 200, 1, 1e-10, 0.18603537964723152
1000.0, 1e-05, 200, 1, 1e-11, 0.15122755370897983
1000.0, 1e-05, 300, 1, 1e-08, 0.19776334836048332
1000.0, 1e-05, 300, 1, 1e-09, 0.21436958508183962
1000.0, 1e-05, 300, 1, 1e-10, 0.17937696130603725
1000.0, 1e-05, 300, 1, 1e-11, 0.15898213721894608
1000.0, 1e-05, 500, 1, 1e-08, 0.19243505955651788
1000.0, 1e-05, 500, 1, 1e-09, 0.15996461151535984
1000.0, 1e-05, 500, 1, 1e-10, 0.17858390302005003
1000.0, 1e-05, 500, 1, 1e-11, 0.19778474577105803
1000.0, 1e-06, 50, 1, 1e-08, 0.17492074771366586
1000.0, 1e-06, 50, 1, 1e-09, 0.15812838872123108
1000.0, 1e-06, 50, 1, 1e-10, 0.16953766208964038
1000.0, 1e-06, 50, 1, 1e-11, 0.18113379295886115
1000.0, 1e-06, 75, 1, 1e-08, 0.17384823531656912
1000.0, 1e-06, 75, 1, 1e-09, 0.17363344823718396
1000.0, 1e-06, 75, 1, 1e-10, 0.17178668850438827
1000.0, 1e-06, 75, 1, 1e-11, 0.17543941963842272
1000.0, 1e-06, 100, 1, 1e-08, 0.16834785341435463
1000.0, 1e-06, 100, 1, 1e-09, 0.1857584669092881
1000.0, 1e-06, 100, 1, 1e-10, 0.19337254667776116
1000.0, 1e-06, 100, 1, 1e-11, 0.16904241233502465
1000.0, 1e-06, 200, 1, 1e-08, 0.1825316668858472
1000.0, 1e-06, 200, 1, 1e-09, 0.1696048348567389
1000.0, 1e-06, 200, 1, 1e-10, 0.15446591848534635
1000.0, 1e-06, 200, 1, 1e-11, 0.1654536634029184
1000.0, 1e-06, 300, 1, 1e-08, 0.1704603816222293
1000.0, 1e-06, 300, 1, 1e-09, 0.14946596425593014
1000.0, 1e-06, 300, 1, 1e-10, 0.16786151982995276
1000.0, 1e-06, 300, 1, 1e-11, 0.17242309792508084
1000.0, 1e-06, 500, 1, 1e-08, 0.18730906498475292
1000.0, 1e-06, 500, 1, 1e-09, 0.1571300038009231
1000.0, 1e-06, 500, 1, 1e-10, 0.18300051333935
1000.0, 1e-06, 500, 1, 1e-11, 0.16902150568545493
1000.0, 1e-07, 50, 1, 1e-08, 0.18894401121808124
1000.0, 1e-07, 50, 1, 1e-09, 0.16381761221285604
1000.0, 1e-07, 50, 1, 1e-10, 0.19739101233520515
1000.0, 1e-07, 50, 1, 1e-11, 0.16277514464445347
1000.0, 1e-07, 75, 1, 1e-08, 0.19267597310567516
1000.0, 1e-07, 75, 1, 1e-09, 0.16265731475967599
1000.0, 1e-07, 75, 1, 1e-10, 0.17748307710506328
1000.0, 1e-07, 75, 1, 1e-11, 0.18987143527453448
1000.0, 1e-07, 100, 1, 1e-08, 0.16674087113312827
1000.0, 1e-07, 100, 1, 1e-09, 0.1994523820093949
1000.0, 1e-07, 100, 1, 1e-10, 0.17930237254394144
1000.0, 1e-07, 100, 1, 1e-11, 0.17047735997187452
1000.0, 1e-07, 200, 1, 1e-08, 0.13693578403125906
1000.0, 1e-07, 200, 1, 1e-09, 0.18090130061258605
1000.0, 1e-07, 200, 1, 1e-10, 0.16866845848029707
1000.0, 1e-07, 200, 1, 1e-11, 0.14641520420987056
1000.0, 1e-07, 300, 1, 1e-08, 0.1989170471652098
1000.0, 1e-07, 300, 1, 1e-09, 0.19456950763233366
1000.0, 1e-07, 300, 1, 1e-10, 0.16026683517182877
1000.0, 1e-07, 300, 1, 1e-11, 0.17125398846295162
1000.0, 1e-07, 500, 1, 1e-08, 0.19249786487119738
1000.0, 1e-07, 500, 1, 1e-09, 0.1730007874418757
1000.0, 1e-07, 500, 1, 1e-10, 0.16002296456942358
1000.0, 1e-07, 500, 1, 1e-11, 0.17199019503737437
1000.0, 1e-08, 50, 1, 1e-08, 0.1623941684986498
1000.0, 1e-08, 50, 1, 1e-09, 0.18196117440780604
1000.0, 1e-08, 50, 1, 1e-10, 0.1960060726866827
1000.0, 1e-08, 50, 1, 1e-11, 0.17859955182612672
1000.0, 1e-08, 75, 1, 1e-08, 0.1380003359993321
1000.0, 1e-08, 75, 1, 1e-09, 0.17919470241593874
1000.0, 1e-08, 75, 1, 1e-10, 0.17855468036038658
1000.0, 1e-08, 75, 1, 1e-11, 0.17718062733088874
1000.0, 1e-08, 100, 1, 1e-08, 0.2063759796388762
1000.0, 1e-08, 100, 1, 1e-09, 0.17419943845816818
1000.0, 1e-08, 100, 1, 1e-10, 0.17811145712248966
1000.0, 1e-08, 100, 1, 1e-11, 0.17790824738198005
1000.0, 1e-08, 200, 1, 1e-08, 0.18076117591519084
1000.0, 1e-08, 200, 1, 1e-09, 0.184701193011822
1000.0, 1e-08, 200, 1, 1e-10, 0.17517813625561562
1000.0, 1e-08, 200, 1, 1e-11, 0.1748370938386948
1000.0, 1e-08, 300, 1, 1e-08, 0.17011512694259978
1000.0, 1e-08, 300, 1, 1e-09, 0.1909966467773419
1000.0, 1e-08, 300, 1, 1e-10, 0.19544077333400478
1000.0, 1e-08, 300, 1, 1e-11, 0.16276702355525383
1000.0, 1e-08, 500, 1, 1e-08, 0.20548889432862427
1000.0, 1e-08, 500, 1, 1e-09, 0.16421465535428895
1000.0, 1e-08, 500, 1, 1e-10, 0.19093369784153005
1000.0, 1e-08, 500, 1, 1e-11, 0.13412153775049876
1000.0, 1e-09, 50, 1, 1e-08, 0.1829855163371022
1000.0, 1e-09, 50, 1, 1e-09, 0.17508500248434442
1000.0, 1e-09, 50, 1, 1e-10, 0.17428328039313354
1000.0, 1e-09, 50, 1, 1e-11, 0.17692094684299356
1000.0, 1e-09, 75, 1, 1e-08, 0.17285412356535484
1000.0, 1e-09, 75, 1, 1e-09, 0.1668271039948096
1000.0, 1e-09, 75, 1, 1e-10, 0.16617089583844769
1000.0, 1e-09, 75, 1, 1e-11, 0.17693968868177137
1000.0, 1e-09, 100, 1, 1e-08, 0.18248458072385454
1000.0, 1e-09, 100, 1, 1e-09, 0.15716891684744197
1000.0, 1e-09, 100, 1, 1e-10, 0.1631990409636923
1000.0, 1e-09, 100, 1, 1e-11, 0.15209065284349685
1000.0, 1e-09, 200, 1, 1e-08, 0.17983442069661365
1000.0, 1e-09, 200, 1, 1e-09, 0.15392219484283712
1000.0, 1e-09, 200, 1, 1e-10, 0.17882946799326863
1000.0, 1e-09, 200, 1, 1e-11, 0.18894305690319615
1000.0, 1e-09, 300, 1, 1e-08, 0.19463354368260508
1000.0, 1e-09, 300, 1, 1e-09, 0.16723742656874127
1000.0, 1e-09, 300, 1, 1e-10, 0.1764586467776135
1000.0, 1e-09, 300, 1, 1e-11, 0.14501589255179684
1000.0, 1e-09, 500, 1, 1e-08, 0.1653716372510896
1000.0, 1e-09, 500, 1, 1e-09, 0.18410793941591025
1000.0, 1e-09, 500, 1, 1e-10, 0.14929403358090965
1000.0, 1e-09, 500, 1, 1e-11, 0.15756891007387494
1000.0, 1e-10, 50, 1, 1e-08, 0.16046602303968707
1000.0, 1e-10, 50, 1, 1e-09, 0.18298837008570856
1000.0, 1e-10, 50, 1, 1e-10, 0.1759461764965045
1000.0, 1e-10, 50, 1, 1e-11, 0.16239136999976822
1000.0, 1e-10, 75, 1, 1e-08, 0.15761680288850444
1000.0, 1e-10, 75, 1, 1e-09, 0.17845979986649532
1000.0, 1e-10, 75, 1, 1e-10, 0.17368305327148392
1000.0, 1e-10, 75, 1, 1e-11, 0.18462713416771406
1000.0, 1e-10, 100, 1, 1e-08, 0.16923200469425675
1000.0, 1e-10, 100, 1, 1e-09, 0.16654254678216546
1000.0, 1e-10, 100, 1, 1e-10, 0.1677819326480219
1000.0, 1e-10, 100, 1, 1e-11, 0.16702117150472082
1000.0, 1e-10, 200, 1, 1e-08, 0.1798409319356641
1000.0, 1e-10, 200, 1, 1e-09, 0.1490739372220669
1000.0, 1e-10, 200, 1, 1e-10, 0.17389741880424078
1000.0, 1e-10, 200, 1, 1e-11, 0.18379739160939645
1000.0, 1e-10, 300, 1, 1e-08, 0.16581316361450274
1000.0, 1e-10, 300, 1, 1e-09, 0.160062660982648
1000.0, 1e-10, 300, 1, 1e-10, 0.1681775572406708
1000.0, 1e-10, 300, 1, 1e-11, 0.18822162083238897
1000.0, 1e-10, 500, 1, 1e-08, 0.19604270507728752
1000.0, 1e-10, 500, 1, 1e-09, 0.15596004471732378
1000.0, 1e-10, 500, 1, 1e-10, 0.15845045342198835
1000.0, 1e-10, 500, 1, 1e-11, 0.16796076801610377
